1 -30.750107 2.436104 8.657806
1 -23.009064 18.996918 0.493820
2 -40.347267 0.548698 5.042839
2 -28.059052 15.883919 0.255188
3 -42.484871 0.698982 5.089844
3 -31.359573 15.393814 0.451553
4 -33.036781 11.452194 -0.152222
4 -45.091629 1.522202 7.988510
5 -32.697296 12.124954 0.536240
5 -51.477905 4.775604 8.177017
6 -51.448608 2.851959 7.613777
6 -32.562912 10.323746 0.382462
7 -51.199944 1.860764 7.695404
7 -31.868668 10.680542 0.886215
8 -51.272106 2.094513 7.469528
8 -31.610336 9.650696 0.747467
9 -50.675667 2.023270 7.695724
9 -30.839897 12.291702 1.570480
10 -49.359684 1.281067 7.197021
11 -48.157265 1.175491 7.999329
12 -47.972237 0.607452 8.395775
13 -48.029716 -0.414017 8.277893
14 -48.041290 -0.535103 8.653038
15 -47.507462 -0.665619 9.300446
16 -47.706608 0.274406 9.424286
16 -31.978020 10.209244 1.213104
17 -47.964592 -0.074158 8.313873
17 -29.347557 10.809654 0.674629
18 -48.419609 -0.368385 7.693497
18 -27.275604 10.816605 0.160797
19 -48.236458 -0.386810 7.802399
19 -27.736610 10.929138 0.247536
20 -18.510460 7.794891 -0.490433
20 -48.356621 0.549362 7.230026
21 -17.585236 7.583931 -0.522423
21 -46.441963 2.694641 7.593399
22 -16.156204 7.714325 -0.223282
22 -44.942924 2.912613 7.348175
23 -11.925934 7.404167 -0.084641
23 -41.240334 -1.760590 5.571693
24 -9.666939 7.265381 0.161926
24 -38.780960 -1.301720 6.346184
25 -6.271835 7.340485 0.575661
25 -24.208527 -0.426529 3.758728
26 -1.929260 7.450104 1.243515
26 -23.424713 1.078697 4.538429
27 -1.571571 11.032700 2.446396
27 -7.144203 4.373108 2.485092
28 4.323669 15.800125 2.690674
28 7.622757 12.296005 6.276993
29 13.407990 15.459106 6.673355
29 14.762077 15.079498 6.789825
30 18.411011 13.435432 3.672569
30 16.207329 18.783234 6.981148
31 23.919281 12.595383 3.115692
31 17.908310 21.163239 9.371864
32 26.578705 15.305351 3.623001
32 22.947998 25.433899 14.288383
33 26.349121 14.171936 3.074730
33 11.176041 27.245300 10.072235
34 26.680847 13.710632 3.105606
34 15.715553 27.204048 15.665703
35 26.958939 14.814400 1.758606
35 21.303932 29.086304 8.444199
36 31.950653 18.546684 3.802391
36 39.977814 25.930504 15.244080
37 33.526840 23.121216 1.024933
37 31.300858 28.494644 11.002975
38 34.906738 20.275200 -0.856728
38 42.591736 23.539513 12.754372
39 31.639130 24.516632 0.659302
39 44.625809 22.890762 10.909180
40 31.063873 24.655724 1.639313
40 46.534027 20.932770 10.649208
41 31.817749 22.739059 2.304230
41 36.371124 25.404762 9.210907
42 30.554062 23.939438 2.387810
42 45.838837 21.130295 10.378036
43 27.158875 25.102722 5.300766
43 47.019104 20.879288 9.691544
44 27.478523 26.996872 4.311401
44 47.548309 20.100647 9.258842
45 24.738098 26.020645 2.128693
45 48.523621 19.122086 8.381447
46 25.974747 27.338219 2.049294
46 48.739197 19.391586 9.432510
47 26.958389 28.008224 2.337418
47 45.086182 19.579712 8.031799
48 27.378960 27.928070 2.580765
48 46.010986 18.661545 9.874802
49 27.902458 27.253922 1.619522
49 54.198135 14.751480 6.837914
50 30.252090 25.981781 0.366760
50 54.690704 14.148125 5.911217
51 30.662827 25.503754 0.635620
51 54.286987 14.500595 4.920982
52 30.285156 25.191238 1.447739
52 53.576599 14.607056 4.872757
53 53.852646 13.213501 4.639595
53 30.193146 24.133873 3.353760
54 53.541260 12.785309 4.474388
54 29.717102 24.157959 2.756180
55 53.186249 13.096954 5.217743
55 30.588577 23.501472 1.906288
56 53.358414 12.502625 5.808220
56 26.231323 23.949577 6.557083
57 53.460754 12.249046 5.312325
57 25.506638 20.444206 10.205910
58 53.509506 11.996124 5.009232
58 31.681122 23.099419 5.040527
59 53.190979 12.227898 5.083809
59 20.794891 18.189194 13.793884
60 52.516479 11.062286 4.608742
60 20.611343 17.057762 14.007065
61 23.596161 20.064270 10.386887
61 50.842407 12.499634 5.035797
62 20.904251 18.923904 13.265503
62 50.756226 12.003204 6.175346
63 22.169563 20.459358 11.796005
63 49.584000 19.644722 4.392174
64 23.124687 18.224487 11.600815
64 44.331802 11.860764 7.541931
65 32.804993 17.253891 9.797302
65 36.876938 10.438904 8.722733
66 29.315125 8.587440 6.447395
66 58.795258 16.360138 2.605980
67 57.601913 12.531258 0.899185
67 17.928391 6.785568 5.392662
68 57.928925 13.774094 1.174805
68 6.376808 7.002121 4.510437
69 2.442490 7.280319 2.961075
69 41.160645 13.476173 8.806580
70 41.184326 11.755806 8.267365
70 -6.770485 6.699799 0.699875
71 41.147141 10.314903 7.660812
71 -12.495438 6.404999 0.401871
72 37.905655 9.066971 8.745346
72 -21.556427 6.845558 -0.938873
73 39.113113 9.612350 7.679306
73 -22.798157 6.833466 -0.965240
74 39.164093 8.640221 6.999092
74 -16.132072 7.899750 -0.596802
75 35.957108 9.011810 9.612961
75 -14.058533 9.131538 -0.354980
76 40.741104 9.139191 9.301300
76 -11.563583 11.102951 0.012932
77 43.942352 10.598022 9.051361
77 -7.407516 6.787651 0.240395
78 41.392822 12.173767 9.825928
78 -0.036819 7.780350 1.453812
79 9.723297 7.479332 1.888916
79 41.755768 13.412521 10.434341
80 41.693207 12.890961 10.262909
80 13.343353 9.340149 5.331619
81 42.555664 13.330963 10.368599
81 26.804352 9.681091 5.674561
82 42.224503 13.272675 12.135483
82 28.538239 18.728348 7.068306
83 59.113358 17.066872 3.652153
83 25.773468 17.549652 11.333725
84 59.475113 16.732887 3.612427
84 40.720398 20.215004 9.083832
85 41.857407 14.114822 12.180565
85 32.996994 19.021637 7.845306
86 59.181046 16.860886 4.116005
86 39.309158 19.740067 8.984734
87 58.577972 17.285446 3.919571
87 38.118073 20.899452 8.784668
88 44.049652 14.225487 9.377594
88 40.777588 19.913376 7.475327
89 40.739136 13.662659 6.921997
89 43.230927 19.391235 7.315033
90 39.026352 14.516037 6.384155
90 43.698975 19.973724 8.201889
91 37.108932 16.089317 7.899902
91 44.722748 21.437416 6.075783
92 30.949371 18.244308 7.441200
92 43.458206 22.476814 6.194183
93 16.753830 20.762192 9.415009
93 45.152283 22.613586 6.792328
94 18.689827 21.404663 10.176956
94 47.788284 20.713600 6.113342
95 18.829544 20.318268 7.731812
95 54.110092 19.353104 5.523361
96 27.769699 17.834229 5.567345
96 56.771713 18.365112 6.576714
97 17.277481 21.341789 6.859528
97 57.162781 15.923744 5.596588
98 19.403938 19.533646 4.840965
98 52.767303 14.494064 4.523727
99 55.691360 10.510986 4.790932
99 22.646828 18.253510 2.859856
100 56.692902 8.372864 4.484543
100 24.124397 19.306961 1.874023
101 56.744720 6.875504 4.623116
101 25.149887 19.866119 0.745621
102 56.325470 7.036026 4.884186
102 28.264923 19.788048 -0.432152
103 57.367477 7.266838 3.029587
103 28.844444 19.803986 -1.347870
104 52.094391 6.404915 5.771851
104 28.480515 19.670494 -1.316505
105 53.545380 5.880905 6.000206
105 28.705856 20.398109 -1.521492
106 52.384918 7.378853 7.493614
106 26.555145 22.307831 -0.571060
107 49.491501 10.861862 7.704544
107 27.353737 22.535408 -0.755676
108 53.253357 7.592445 6.364677
108 27.224052 22.386635 -1.273521
109 49.765396 8.944405 6.369850
109 26.863953 22.731010 -0.989227
110 29.250839 21.041275 -1.371475
110 49.831406 9.032616 6.609558
111 27.303665 24.733406 -0.728416
111 50.838638 10.342316 7.115891
112 54.356598 8.906509 4.993309
112 28.349686 25.296227 -0.578506
113 29.370712 24.041862 -0.971313
113 54.817688 9.004440 4.841263
114 30.195343 22.073624 -1.678139
114 54.198761 9.536987 4.091148
115 29.991501 21.861580 -1.692139
115 53.954086 8.811699 3.407196
116 28.929947 22.571800 -2.065491
116 58.344604 11.548210 4.258507
117 36.716644 17.127869 -1.719017
117 58.604034 11.535034 3.583168
118 37.098267 16.539734 -1.418449
118 58.326340 11.784775 4.372055
119 37.092453 16.255211 -1.101700
119 57.516724 11.607391 3.583443
120 36.932190 17.064575 -0.825302
120 55.962189 12.278336 3.565430
121 34.504852 20.354645 -1.718338
121 55.315216 13.163605 2.697845
122 34.217041 19.805992 -1.298782
122 54.139938 12.915085 3.536636
123 34.482010 18.277954 -0.953278
123 53.881729 12.828979 3.728104
124 36.299042 16.991913 1.533905
124 54.811813 12.492165 3.200226
125 38.275879 14.270523 1.619720
125 54.261963 12.941071 3.409653
126 38.273499 14.941345 2.547302
126 54.632751 13.026649 4.357864
127 37.991394 16.011765 3.071205
127 54.500763 13.390747 4.720757
128 30.263733 20.714447 1.323555
128 54.377396 12.936172 4.785828
129 32.125549 20.535034 2.021255
129 53.488403 13.071960 5.604034
130 27.159966 21.370903 4.636093
130 51.354736 14.741112 5.750908
131 25.089844 19.347000 7.365631
131 51.251740 15.160522 6.375114
132 52.591339 10.517151 4.629135
132 26.876938 18.318810 8.096466
133 31.251785 16.805695 8.702339
133 52.119141 10.368683 4.911057
134 37.261368 15.003799 9.450531
134 52.316483 10.678024 5.296478
135 37.740112 11.883476 9.589348
135 51.994324 10.459717 5.906052
136 54.098297 7.230209 -0.054337
136 51.514862 10.889648 6.150742
137 55.163239 7.573242 4.544609
137 51.150467 10.988640 5.819664
138 58.486664 6.199585 3.315628
138 44.055725 17.045998 8.279358
139 58.498291 5.618393 3.412415
139 44.836884 16.581459 8.399162
140 60.456879 5.690071 3.889320
140 44.522018 15.986938 8.262146
141 59.683365 5.437012 5.152107
141 44.128540 15.997116 7.639603
142 60.869797 5.553658 4.852501
142 44.640610 16.246109 7.350845
143 62.129837 4.827690 4.857811
143 42.711136 16.418777 8.030197
144 62.048981 4.757339 6.534142
144 47.993912 10.266281 3.864044
145 61.585938 4.646530 6.938629
145 47.790207 10.483917 4.149246
146 60.301849 5.529625 8.060898
146 46.086609 12.691879 8.010010
147 59.745667 6.013092 8.797424
147 45.956543 12.191895 9.680206
148 60.290573 6.440323 8.727188
148 41.981903 16.792648 8.592430
149 60.379608 6.480789 8.693741
149 41.839752 16.893066 8.435089
150 60.414474 6.481400 8.670982
150 41.939087 16.925537 8.426239
Runtime: 900.6039832569986seconds