yaw pitch roll label
52.666565 -0.010895 8.181496 0
52.456635 -0.220215 8.433395 0
52.139465 -0.534622 8.212074 0
52.343826 -0.847893 7.911804 0
51.985168 0.033852 8.518234 0
52.77272 0.456322 8.05867 0
49.849609 -1.927094 7.484924 0
48.749664 -5.139137 5.568726 0
48.791611 -10.49099 0.53318 0
46.361786 -21.340546 -6.536255 0
45.186066 -30.201118 -10.492874 0
41.963135 -34.022453 -12.732727 4
38.50737 -36.106117 -14.46402 4
36.508972 -37.706688 -17.843422 4
34.239502 -39.900169 -20.016296 4
32.983124 -40.154091 -20.817352 1
31.995148 -40.729958 -19.770729 1
30.418381 -41.577564 -18.795998 1
29.121811 -41.293518 -17.49411 1
28.70723 -42.005692 -16.415726 1
27.31218 -44.544102 -15.828247 1
27.542725 -44.819206 -16.207222 1
26.244949 -45.556152 -15.495193 1
26.063416 -46.248196 -14.94268 1
25.222458 -46.545513 -15.136429 1
24.691284 -47.334309 -14.639351 1
24.471146 -48.402351 -13.884323 1
24.471283 -48.473091 -13.801437 1
23.515442 -48.586449 -13.825859 1
23.003677 -49.753807 -12.293625 1
22.098618 -49.594971 -12.519638 1
20.977753 -51.428226 -11.911003 1
22.075081 -50.386848 -11.818024 1
21.537582 -51.279953 -11.576599 1
20.991043 -51.528362 -11.520905 1
20.760933 -51.944225 -11.132858 1
21.204643 -52.268276 -11.285995 1
20.059509 -51.76786 -11.473724 1
20.352631 -52.138653 -11.049805 1
19.958145 -52.980442 -10.171127 1
20.372665 -52.199051 -10.978661 1
19.558754 -52.325901 -10.735634 1
19.63681 -51.954456 -11.285217 1
18.885315 -52.160065 -10.291992 1
19.558571 -51.691486 -10.356194 1
19.681595 -51.14621 -11.590561 1
20.697525 -50.521317 -11.247452 1
20.345886 -51.035637 -10.481026 1
19.743637 -50.638012 -10.869919 1
19.70414 -50.919739 -11.452911 1
19.769989 -51.483589 -11.481422 1
19.486679 -50.588806 -12.613724 1
19.268387 -51.528179 -11.833626 1
19.939743 -51.135551 -11.378922 1
19.643349 -51.218914 -11.275475 1
19.448433 -51.375999 -10.798447 1
19.228798 -50.986496 -11.953606 1
19.687569 -50.951511 -12.276497 1
20.198624 -50.977516 -12.186867 1
20.731415 -50.563431 -12.269318 1
20.491852 -50.759026 -12.466194 1
19.921829 -51.181339 -11.69912 1
21.108833 -50.448761 -12.195541 1
21.89502 -48.662491 -11.51442 1
21.9039 -48.693752 -11.53479 1
22.06382 -48.923962 -11.510139 1
42.457642 -45.7523 -18.427261 4
41.495102 -46.182419 -18.891289 4
40.841125 -45.734177 -18.818604 4
40.612595 -46.330318 -18.468559 4
40.579926 -46.910122 -18.495384 4
25.05191 -46.733986 -15.77813 1
25.808968 -46.721245 -16.495567 1
25.470459 -46.833355 -16.116051 1
25.299866 -46.771271 -16.913139 1
25.684296 -46.976204 -16.165756 1
25.109177 -47.255508 -15.973732 1
25.069542 -46.952877 -15.937378 1
25.571564 -46.782951 -16.743668 1
25.193451 -46.457623 -16.133987 1
25.048782 -46.078232 -16.792015 1
25.712021 -46.677853 -17.055801 1
25.889076 -46.171135 -17.072411 1
25.148315 -46.500404 -16.974121 1
24.811768 -46.586094 -17.06308 1
24.693237 -46.271011 -17.33773 1
45.684723 -16.003265 0.624252 0
45.850479 -15.944412 0.568954 0
45.924988 -15.579285 0.550354 0
46.010803 -15.689209 0.447304 0
45.975754 -15.316422 0.776016 0
45.727585 -15.228844 0.652771 0
45.710175 -15.415543 0.956772 0
45.932831 -15.005386 0.907516 0
46.209259 -13.919678 1.451645 0
46.157913 -12.774895 1.7089 0
45.751892 -12.345863 2.142906 0
45.796448 -13.030258 1.698639 0
46.038666 -12.654991 1.643234 0
45.163361 -12.460495 2.47023 0
44.342133 -11.351379 2.751175 0
43.718018 -10.656792 3.83075 0
43.410767 -10.913635 4.922905 0
43.389374 -9.82592 4.585938 0
43.316895 -9.585464 4.67395 0
42.94928 -7.390434 4.692398 0
42.786377 -6.488403 4.63195 0
42.583237 -5.831223 5.007736 0
42.731659 -6.021179 6.349388 0
42.948792 -6.777954 6.525467 0
43.128479 -6.527306 6.998154 0
42.55249 -4.39859 7.783974 0
42.286865 -2.567001 8.407578 0
42.68454 -2.878616 8.669785 0
42.362305 -2.453491 8.223106 0
42.20166 -2.980362 8.698402 0
42.704727 -2.8759 9.018219 0
42.639374 -2.782639 9.118866 0
42.860886 -2.406937 9.377426 0
43.08313 -2.490356 9.284943 0
43.069397 -2.591125 9.255554 0
43.465149 -2.742798 9.332458 0
43.211365 -2.978027 9.288605 0
43.374146 -0.745674 10.428207 0
42.942749 -0.269829 10.961334 0
43.559082 -0.73494 10.61055 0
43.611084 -1.370155 9.982254 0
43.473862 -1.443947 10.204033 0
43.456741 -1.139854 10.10675 0
43.520767 -1.586266 10.273338 0
43.889069 -1.736847 10.234154 0
43.928452 -1.587936 10.427902 0
44.087616 -1.94809 10.26062 0
43.89502 -2.275406 10.100555 0
43.527267 -2.263481 9.670601 0
43.1651 -2.78849 9.612061 0
43.625031 -2.879128 9.627258 0
43.093857 -3.7883 9.324814 0
43.356857 -4.089806 9.273514 0
43.359879 -3.867027 9.016922 0
43.381226 -4.35865 8.743881 0
43.293182 -3.66758 8.927307 0
43.447662 -3.746414 9.348053 0
43.363235 -3.644104 9.083023 0
43.42981 -4.223579 8.914703 0
43.70285 -4.629486 8.548904 0
43.979004 -4.549484 8.288437 0
44.04541 -6.020729 7.50502 0
43.975525 -5.867004 7.468536 0
52.843094 -19.695656 -3.003006 4
52.821854 -18.050362 -3.100922 4
53.048264 -17.73661 -3.245056 4
53.244751 -18.142647 -3.176483 4
52.872101 -16.700859 -1.866737 4
52.636368 -16.016647 -1.780746 4
51.770081 -16.292877 -1.951653 4
52.646912 -17.310822 -2.09996 4
53.38945 -14.807762 0.168526 4
55.411102 -14.43399 0.884171 4
53.517212 -14.038162 0.900803 4
46.771774 -4.158203 2.303444 0
47.025848 -3.808571 2.311317 0
46.871719 -3.618874 2.601883 0
47.218475 -3.964752 2.427155 0
46.87677 -3.794189 2.737152 0
47.441864 -3.82341 3.416779 0
47.150894 -4.460754 2.504105 0
46.633331 -4.380577 1.957146 0
46.496368 -3.607315 2.174393 0
46.747498 -4.392998 2.875008 0
47.366882 -5.176811 3.527161 0
47.847076 -5.491631 3.535507 0
48.431717 -6.146645 3.933426 0
48.524872 -6.413559 3.846527 0
47.185455 -14.676331 -0.939926 0
47.10025 -14.79213 -0.993462 0
47.296463 -13.835426 -0.001862 0
47.385803 -13.799583 -0.070496 0
47.923599 -13.844582 -0.543518 0
47.542023 -13.789726 -0.08004 0
47.421448 -13.845695 -0.018204 0
47.375351 -13.905792 0.009644 0
47.324142 -13.960861 -0.103195 0
47.248367 -13.949631 -0.120819 0
47.233658 -13.977386 -0.217819 0
47.347931 -13.84481 -0.199844 0
47.359436 -13.942505 -0.053329 0
47.494156 -13.56601 0.21109 0
47.364441 -13.570152 -0.03511 0
47.427338 -13.651588 -0.041779 0
48.80954 15.300308 16.36647 0
47.220581 15.853523 16.948502 0
45.946686 17.202682 16.463814 0
46.419067 16.902351 15.016968 0
46.125961 14.431229 12.041061 0
46.687088 14.13414 11.061371 0
47.067993 12.570679 11.088074 0
46.922211 12.790939 9.318306 0
46.440781 11.732002 9.562592 0
46.422104 12.268822 9.026703 0
46.696075 10.949142 9.669327 0
47.124146 11.779518 7.908325 0
46.840286 10.954681 7.161575 0
46.013275 10.21875 6.590988 0
44.312943 8.63427 5.023636 0
44.192276 8.932648 5.1772 0
44.80159 11.690292 7.883499 0
44.586441 11.952438 9.605911 0
45.338425 10.978569 9.940582 0
45.493317 11.961845 9.310272 0
46.201202 11.165131 9.809143 0
46.441315 11.860222 10.648712 0
46.452576 12.161148 11.11702 0
46.799713 10.976784 10.958694 0
46.774948 11.269623 10.070435 0
47.231812 10.604256 9.758942 0
47.54425 9.89183 9.460327 0
47.433136 9.882462 9.697472 0
47.07428 9.734116 8.036385 0
45.27594 9.584953 6.757019 0
45.362946 8.432327 5.134109 0
46.257843 9.02552 5.016861 0
46.213318 8.020035 3.659111 0
46.347473 6.634346 3.83844 0
45.955734 5.702179 3.62619 0
45.338699 5.728867 3.846497 0
47.406982 3.609146 2.804016 0
46.414566 5.146912 3.243919 0
46.897614 5.355125 3.162766 0
46.986969 6.172691 3.735672 0
46.488251 6.401398 4.890358 0
45.170044 8.243423 5.276161 0
44.254318 8.664665 6.162346 0
42.827209 11.083694 7.106583 0
41.297699 12.012604 7.954254 0
41.306549 13.648773 8.934052 0
41.826996 13.184509 9.385025 0
42.76651 14.397308 11.08532 0
44.491394 13.363251 9.642517 0
43.780838 14.465012 10.040344 0
42.318268 12.738602 10.304382 0
41.699127 12.089279 9.20874 0
42.199951 12.411713 8.68531 0
42.58519 12.3078 8.936203 0
42.014236 13.140907 9.759399 0
40.687469 13.369835 9.431969 0
41.387314 14.558121 9.607933 0
40.152649 15.125732 9.927902 0
40.285065 14.822037 10.166931 0
40.079208 15.064804 9.773026 0
40.077728 15.298065 10.287003 0
39.12793 16.549942 10.734833 0
40.629944 17.186295 10.904327 0
40.331726 16.569534 10.676636 0
40.199829 16.119736 10.873688 0
38.833984 17.343544 10.891823 0
38.799194 19.275055 10.397964 0
39.273712 19.416306 10.888382 0
39.106995 20.668465 11.732925 0
39.109024 21.236801 14.063019 0
40.725052 21.768265 15.217461 0
40.852448 22.149826 14.993439 0
40.82959 23.66114 16.09758 0
40.902039 22.999123 16.634369 0
41.164734 22.618134 17.080215 0
42.119904 21.029755 16.264915 0
42.061951 20.590225 17.053871 4
42.616913 21.891357 17.249481 4
42.750549 21.525528 17.069389 4
42.655289 21.393585 17.214737 4
42.59964 21.835526 15.105583 4
43.530701 21.469101 15.29184 4
43.625854 23.276031 15.913719 4
43.678345 22.645088 17.113632 4
45.965363 24.247215 20.687653 4
46.460129 22.664993 21.729057 4
46.720581 22.858032 22.073662 4
46.879364 23.15155 20.923889 4
47.300476 23.886932 20.648529 4
47.515167 24.014999 18.528008 4
46.56546 25.721443 18.45961 4
46.159286 26.965729 19.897308 4
47.094254 28.21479 22.505264 4
47.447968 27.611053 22.777344 4
48.005554 29.104675 25.299973 4
47.634644 28.545456 25.86541 4
48.50058 29.681152 25.619499 4
48.555328 27.044014 25.244408 4
46.990128 28.762222 25.257454 4
46.247742 30.663834 24.566483 4
47.594284 31.811676 26.642143 4
47.739136 32.548889 26.453979 4
46.084412 32.841873 26.766335 4
45.306061 32.336365 28.502861 4
47.017929 31.541153 29.305847 4
46.825378 33.623215 30.050018 4
45.319061 35.144028 31.453339 4
45.059082 35.264862 30.754639 4
45.553253 36.783463 31.058746 4
43.686707 34.706512 31.136292 4
45.386459 35.931442 32.495178 4
45.567688 35.662506 33.323639 4
46.359375 35.709015 32.469559 4
43.926147 25.77317 29.35611 4
43.697632 23.661133 29.288864 4
42.260101 21.879532 29.292145 4
-19.849739 -53.535816 24.799553 4
-27.108276 -50.182869 27.51162 4
-26.113937 -52.024323 27.045204 2
-34.248718 -48.512535 31.339386 2
-34.686981 -47.911964 30.975311 2
-38.776131 -50.792831 31.844803 2
-39.423004 -48.413506 32.590515 2
-41.188946 -47.90464 34.551941 2
-41.448978 -47.333054 34.874512 2
-41.253216 -47.377499 35.117874 2
-41.675842 -47.573441 34.132904 2
-42.362144 -47.428818 33.287323 2
-44.604462 -45.764664 33.222397 2
-46.048279 -45.150455 33.73262 2
-47.369785 -44.330063 33.669891 2
-48.310432 -42.742867 32.766434 2
-49.757507 -42.607944 32.24617 2
-51.289276 -42.045135 32.251846 2
-50.132805 -42.256424 31.187363 2
-48.925751 -42.320244 31.928543 2
-48.241638 -42.24279 30.651443 2
-48.457432 -42.340958 31.559265 2
-48.555748 -41.970852 31.541626 2
-48.476555 -41.704067 30.920013 2
-49.47575 -41.697018 31.397003 2
-50.008514 -41.564514 31.41507 2
-49.287621 -42.475151 31.139038 2
-48.97966 -43.369202 31.368118 2
-49.743416 -43.690853 31.348175 2
-52.17894 -42.781006 32.366013 2
-53.361328 -42.383057 32.762543 2
-53.544106 -42.046852 33.004608 2
-53.61787 -41.753185 32.640244 2
-54.270824 -40.026505 32.655533 2
-53.4655 -40.783997 32.97821 2
-53.736473 -41.429924 32.724915 2
-52.345062 -41.468204 32.540344 2
-52.6399 -42.006783 32.845444 2
-51.885941 -43.012756 32.833603 2
-49.678242 -45.361771 32.617523 2
-49.647514 -44.02803 30.867523 2
-48.953453 -43.914001 31.162399 2
-49.127346 -44.993782 30.904556 2
-49.046921 -45.174263 31.901413 2
-47.982296 -45.952744 31.335846 2
-45.707047 -47.548492 30.353424 2
-37.99968 -51.627377 28.358994 2
-38.379547 -51.885391 28.137932 4
-19.54245 -52.844257 19.134766 4
-10.367233 -55.077282 12.815796 4
-2.973709 -62.3862 6.542679 4
-3.235428 -57.155212 2.619987 4
1.293518 -51.918182 -2.852989 4
7.601776 -51.394867 -3.04245 4
41.996185 -9.222069 3.933815 0
42.709091 -8.790253 3.637299 0
43.409683 -8.934387 3.442947 0
43.438446 -9.651642 3.159233 0
43.270798 -9.981232 3.170586 0
42.852173 -11.54277 2.320633 0
41.715912 -11.177185 2.080559 0
41.185318 -12.673775 1.741699 0
40.382385 -12.747498 2.097137 0
39.717636 -12.461304 2.702881 0
39.636902 -12.674561 1.977219 0
39.490585 -12.26564 2.725998 0
40.146851 -12.543037 2.090439 0
39.299988 -13.566574 2.093102 0
38.400177 -17.29982 1.429619 0
21.497528 -41.996418 -11.468674 1
20.469421 -41.71225 -11.563255 1
19.742867 -41.930542 -11.033798 1
19.651543 -42.427322 -11.487648 1
18.316864 -42.867729 -10.621811 1
17.125229 -42.908989 -10.165962 1
16.841652 -43.800934 -10.67411 1
17.179199 -44.620033 -10.865746 1
17.630081 -44.441334 -10.455612 1
15.619972 -44.34906 -10.079987 1
15.324905 -44.90271 -9.444099 1
15.772591 -45.192886 -9.766541 1
16.648483 -46.834946 -9.897064 1
16.842072 -46.744938 -10.445564 1
16.446281 -47.297386 -9.565231 1
16.524811 -47.555412 -9.634201 1
16.398445 -47.638695 -9.262672 1
16.623276 -46.638931 -10.055489 1
16.340775 -46.999878 -10.17765 1
16.196198 -46.712196 -10.166458 1
16.285286 -46.568619 -10.249466 1
16.528061 -46.361664 -9.658569 1
16.112617 -46.447823 -9.145233 1
16.0728 -45.886837 -9.398026 1
16.030869 -46.128571 -9.9161 1
16.176956 -46.343491 -9.044266 1
15.392258 -46.76825 -10.712753 1
16.863144 -48.675423 -11.014893 1
15.372589 -49.111404 -10.510666 1
13.746552 -51.873222 -10.963318 1
18.123428 -56.208191 -11.960564 1
-41.364822 -44.290771 27.598953 2
-42.304173 -45.105843 28.35038 2
-42.8134 -43.955383 28.157455 2
-42.523109 -44.77026 28.150818 2
-42.244827 -46.578667 28.165924 2
-42.217289 -46.720421 28.192993 2
-42.312263 -46.037235 28.453079 2
-42.068222 -45.043842 28.394516 2
-41.015221 -46.723694 29.388168 2
-40.63155 -47.704044 29.63887 2
-40.376713 -47.70908 30.160477 2
-40.973709 -48.015297 29.498398 2
-41.626659 -46.39151 28.606979 2
-40.862835 -45.483475 27.987007 2
-35.212616 -51.79129 25.590317 2
-24.659622 -50.041069 20.355377 4
-21.916824 -54.754826 18.429703 4
-4.202805 -56.614914 7.492691 4
-6.941185 -56.230698 5.074387 4
-0.017967 -54.761688 1.781799 4
5.397522 -52.509445 -1.761543 4
15.835831 -51.050274 -7.127579 1
16.832153 -52.23238 -6.865089 1
17.048523 -50.974426 -8.021637 1
18.791748 -50.613018 -9.325584 1
20.067551 -51.08205 -9.248459 1
19.662071 -51.750824 -10.237335 1
20.01564 -50.990456 -11.499619 1
20.528252 -50.820366 -12.50248 1
19.985168 -51.141693 -12.796707 1
19.450668 -49.418114 -13.482193 1
19.572807 -50.473286 -13.54229 1
19.883041 -49.970596 -14.436531 1
19.778069 -48.8797 -15.165199 1
21.029053 -48.203857 -15.326302 1
20.648392 -47.667862 -15.287682 1
23.920135 -46.991627 -13.726334 1
23.114914 -47.700737 -13.945984 1
26.109528 -47.649429 -12.521362 1
25.394913 -48.53484 -12.8395 1
27.892349 -47.115036 -12.395462 1
26.267326 -47.107235 -13.352493 1
24.88472 -47.131256 -13.912506 1
25.524521 -46.640282 -13.753021 1
24.553413 -46.710011 -14.574249 1
25.836258 -46.973114 -12.664337 1
24.260216 -47.731853 -13.346115 1
20.253456 -48.800526 -14.588997 1
19.333099 -49.178322 -14.499237 1
19.521439 -48.994286 -15.303978 1
19.040115 -49.270947 -15.426567 1
18.759041 -48.744896 -15.9702 1
16.501465 -46.722874 -7.547958 1
15.589668 -46.845154 -7.212692 1
13.618729 -48.209908 -6.041786 1
12.933121 -48.062279 -5.297745 1
12.214989 -49.310394 -4.87323 1
11.569992 -48.757931 -5.411346 1
11.328079 -47.399208 -5.146088 1
11.253548 -48.711517 -4.882156 1
10.558708 -48.089088 -4.42952 1
1.517059 -49.127781 0.169281 4
-0.31295 -52.463978 3.298294 4
-4.616211 -52.706001 4.660606 4
-12.355583 -52.672771 8.825752 4
-17.053604 -53.150642 12.962524 4
-16.835892 -55.693924 15.977859 4
-25.786835 -50.179474 20.013138 4
-25.793533 -50.94751 22.303925 4
-29.601082 -50.66851 25.992432 2
-38.234562 -51.738525 30.707932 2
-38.048847 -48.303452 31.846558 2
-39.065369 -49.565514 32.103531 2
-46.929119 -41.473938 32.626892 2
-43.557411 -43.835007 33.383499 2
-41.5742 -44.826019 34.415771 2
-41.486092 -47.173752 34.545044 2
-41.329254 -46.999367 35.009308 2
-42.991528 -45.128288 33.331314 2
-43.987415 -44.426044 32.268188 2
-44.672539 -44.827835 32.581818 2
-44.004307 -43.602074 33.33374 2
-46.103607 -42.079411 33.743912 2
-45.018585 -42.50655 34.395203 2
-44.516472 -42.428524 34.442764 2
-46.573166 -40.648304 34.155762 2
-48.203102 -39.024162 34.439621 2
-47.508484 -39.728977 34.291046 2
-46.989647 -39.766342 34.12326 2
-46.571152 -40.312462 33.541534 2
-47.640244 -39.693478 34.823578 2
-47.015499 -40.158291 35.267303 2
-46.842499 -40.432083 35.233383 2
-46.186409 -40.532776 35.809555 2
-47.805908 -39.983742 36.638351 2
-46.449226 -40.85466 36.729263 2
-45.935371 -41.037903 35.900604 2
-44.039715 -41.813248 35.862961 2
-45.751442 -41.765244 35.788162 2
-42.833466 -44.221878 35.795715 2
-43.515484 -43.489624 35.666504 2
-42.530502 -43.658669 35.420135 2
-41.531166 -43.986397 35.244019 2
-41.038548 -43.67886 34.883987 2
-40.504364 -43.294498 35.160461 2
-41.026314 -43.581345 34.873337 2
-41.712685 -43.421597 34.383682 2
-40.255539 -42.719753 34.18544 2
-40.330605 -42.341663 34.06694 2
-42.125816 -41.351448 33.099304 2
-44.131226 -41.877258 32.407257 2
-43.744034 -40.664948 34.587128 2
-43.889111 -41.820396 35.560303 2
-43.310059 -42.769329 35.661774 2
-46.698303 -41.74231 34.26123 2
-47.054985 -42.939388 34.503632 2
-45.183277 -41.633934 34.478668 2
-46.554535 -42.57943 35.228455 2
-43.005203 -44.489876 36.63559 2
-43.137611 -44.106972 36.418381 2
-43.312309 -43.895885 36.723495 2
-43.328644 -44.078751 36.496368 2
-42.998093 -44.170319 36.766891 2
-42.357361 -44.493862 36.804169 2
-41.674244 -44.407486 37.164124 2
-42.057838 -44.645554 37.252014 2
-43.333912 -44.607433 37.197632 2
-43.953529 -45.103241 36.741638 2
-44.299942 -44.727684 37.207794 2
-44.573742 -45.087875 37.394791 2
-43.6394 -45.302685 37.30481 2
-43.784489 -45.343071 37.379486 2
-43.897232 -45.613396 37.598312 2
-45.112152 -45.433739 37.620453 2
-45.247524 -44.855927 37.577545 2
-44.550121 -44.419792 37.694794 2
-45.063389 -45.191513 36.709808 2
-45.911922 -43.040268 34.334106 2
-44.758209 -42.227577 33.827332 2
-42.827579 -43.232681 33.737534 2
-42.752113 -44.100533 35.557907 2
-42.334293 -44.841148 34.93927 2
-42.714912 -42.87965 33.800323 2
-43.073536 -42.593491 34.524841 2
-42.694199 -42.59684 34.389923 2
-42.280807 -42.561943 34.568634 2
-42.935936 -44.300667 35.316727 2
-44.274483 -43.193493 35.09108 2
-41.246399 -41.86097 35.996368 2
-41.521225 -41.31665 36.821381 2
-41.772743 -40.148766 35.71286 2
-42.304356 -39.64642 35.911514 2
-41.340019 -39.999081 34.439529 2
-41.47438 -40.278061 33.586884 2
-41.096088 -40.215683 32.440231 2
-44.159492 -41.122375 33.215744 2
-43.382751 -42.956646 32.663635 2
-43.316322 -45.070366 32.386566 2
-36.845917 -47.962547 32.345718 2
-35.87566 -47.488342 28.642685 4
-34.804527 -47.861374 27.371536 4
-28.507515 -48.22324 21.055054 4
-24.474594 -48.41518 16.038544 4
-21.721565 -41.719242 11.946014 4
-16.428345 -40.032791 8.51976 4
-12.54039 -39.05555 5.293259 4
-8.798691 -36.86692 3.635971 4
-6.97905 -32.088943 2.80545 4
-3.544449 -32.310364 1.39389 4
-1.309143 -29.69413 -0.359436 4
1.109642 -26.044212 -1.260101 4
3.272484 -26.684341 -2.466087 4
4.189682 -26.835342 -2.97702 4
5.264572 -25.936836 -3.245041 4
6.677605 -24.382462 -2.811012 4
7.940796 -24.536087 -3.902069 4
7.606636 -24.522324 -4.190369 4
8.667267 -24.30365 -5.019905 4
9.95459 -24.335892 -6.705307 4
13.253372 -24.50972 -8.946381 4
16.005035 -26.865685 -9.581108 4
17.41848 -30.128113 -9.66584 1
19.40506 -33.556503 -12.526497 1
20.886749 -36.530296 -15.116699 1
22.341507 -38.078346 -16.40136 1
22.685135 -37.704357 -17.717888 1
22.622299 -38.29792 -17.45594 1
22.348587 -38.076702 -17.594757 1
21.787903 -38.648426 -17.37693 1
21.993011 -38.646202 -18.045029 1
20.992493 -38.378868 -17.982002 1
21.329025 -38.450203 -18.273399 1
20.678146 -39.080788 -18.538757 1
20.665466 -39.771263 -18.578445 1
21.236343 -40.555996 -19.047424 1
20.540611 -40.224525 -18.881813 1
20.538651 -40.781822 -17.995117 1
20.581902 -40.34774 -18.277512 1
20.733322 -41.121109 -17.129494 1
20.029251 -41.715694 -16.648331 1
20.443375 -42.071011 -16.478241 1
21.101921 -42.721512 -16.478706 1
21.399445 -42.912106 -16.661545 1
20.128006 -43.693054 -17.022888 1
16.965073 -44.288223 -11.006363 1
8.059021 -44.601826 -7.90657 1
0.93605 -43.343697 -4.513657 4
-3.260529 -47.637459 -2.646446 4
-7.731239 -52.389687 3.349022 4
-13.696999 -53.11845 7.259476 4
-15.603355 -49.155876 13.10199 4
-30.747055 -51.658363 23.528397 2
-24.609665 -49.834316 22.440125 2
-32.544586 -51.531605 26.898438 2
-39.157944 -51.147346 28.41066 2
-36.59639 -50.299881 28.965729 2
-40.55983 -49.791492 32.001419 2
-42.226784 -47.694962 31.646896 2
-43.349174 -47.766891 32.028534 2
-43.438446 -46.977345 31.959732 2
-41.587292 -46.557892 30.625977 2
-40.516594 -47.794567 32.473343 2
-38.434425 -48.58905 32.668518 2
-39.795174 -48.743172 33.858383 2
-39.245808 -48.086643 33.029755 2
-39.344894 -48.562187 33.33374 2
-40.249596 -48.67498 32.533875 2
-39.611031 -48.444801 33.042358 2
-41.592186 -48.086113 32.206726 2
-42.346909 -48.308842 31.01651 2
-44.303181 -47.69706 30.926956 2
-46.135513 -46.902931 31.324341 2
-44.719307 -47.197754 30.656555 2
-43.64613 -48.584534 29.627243 2
-42.841507 -49.637222 30.031464 2
-42.928871 -50.393745 29.644196 2
-40.125732 -51.185318 28.581322 2
-38.931187 -51.237541 29.12822 2
-39.053368 -51.19062 29.168304 2
-37.839874 -51.361229 28.01223 2
-37.931473 -51.48793 28.655823 2
-37.730484 -50.499195 28.739532 2
-37.224945 -51.01757 28.266083 2
-37.827953 -50.911369 28.466431 2
-37.483784 -51.3862 28.736115 2
-38.410355 -51.308155 28.444962 2
-37.494926 -51.274002 29.088211 2
-35.951099 -50.806038 28.539932 2
-37.42453 -51.151466 29.082275 2
-39.2444 -51.148567 30.054047 2
-39.627235 -51.696533 30.270233 2
-39.829937 -51.067116 30.678802 2
-39.684299 -50.737015 30.203644 2
-37.796738 -49.313519 31.1064 2
-38.449501 -48.291214 30.396561 2
-39.237568 -48.045853 31.823792 2
-39.791393 -47.873306 31.17099 2
-39.06625 -47.905529 30.962509 2
-38.846077 -47.4142 31.007828 2
-40.102287 -48.198341 29.865051 2
-40.158508 -46.583527 29.692322 2
-40.841755 -46.85186 29.720627 2
-40.383602 -46.526291 30.08757 2
-41.41095 -46.625187 29.767044 2
-39.141575 -46.159309 28.452324 2
-36.372059 -45.422218 28.533432 2
-40.376144 -45.145073 28.415833 2
-39.134605 -43.073219 29.979218 2
-37.943275 -45.339294 27.931839 2
-37.121098 -43.11837 26.603119 2
-40.485455 -42.509319 25.523964 2
22.212341 -41.74625 -18.382126 1
72.488953 -41.23431 -20.078957 4
76.032013 -40.058815 -21.473465 4
81.417938 -37.874046 -21.335861 4
85.313721 -34.39743 -18.877831 3
87.360306 -34.245468 -19.209297 3
87.614212 -35.200275 -20.946106 3
87.72052 -37.314278 -23.842178 3
87.751343 -38.549286 -24.832336 3
87.694092 -35.972183 -22.092743 3
87.727066 -37.793457 -24.672516 3
87.787949 -39.635506 -26.808395 3
87.797134 -40.098473 -27.716797 3
87.763382 -39.126938 -27.476959 3
87.743164 -38.703129 -27.450188 3
87.743896 -38.51545 -26.662315 3
87.726196 -38.032364 -26.127823 3
87.714966 -39.728333 -26.090263 3
87.690079 -37.636654 -24.627396 3
87.649902 -35.044479 -23.599991 3
87.661148 -34.99588 -23.438843 3
87.630585 -33.089142 -21.549103 3
87.642746 -33.927521 -22.454086 3
87.673248 -35.089062 -23.91011 3
87.652283 -34.390663 -22.775497 3
87.657654 -33.772652 -22.684387 3
87.662338 -35.030197 -23.446152 3
87.689774 -35.932762 -24.755333 3
87.688507 -36.170532 -24.336853 3
87.678162 -36.124271 -24.277634 3
87.666901 -35.727711 -23.622452 3
87.667313 -35.938854 -24.104591 3
87.655548 -36.446915 -24.009483 3
87.691284 -37.620193 -26.133881 3
87.641541 -36.144592 -23.016006 3
87.455505 -35.550529 -21.47673 4
87.224762 -29.758171 -15.804726 4
84.985443 -20.13945 -6.82753 4
77.85849 -18.285965 -3.44735 4
69.068436 -16.511917 -0.127563 4
60.789948 -11.759018 1.796768 4
54.529419 -0.24369 9.639038 0
55.487289 -0.486023 8.994064 0
57.560211 -1.167267 8.787262 0
58.72789 -0.946564 8.245499 0
59.501617 -0.671524 9.382706 0
59.256134 -0.409012 9.983871 0
58.985794 -0.380379 10.086296 0
59.406982 -0.931595 9.629318 0
59.780838 -0.070724 9.83226 0
60.460144 -0.335815 9.738533 0
60.380051 -0.422653 10.483322 0
59.911255 -0.56678 9.97847 0
59.718201 -0.246765 10.309052 0
59.007568 -0.769547 9.96904 0
59.753006 -0.690788 10.079865 0
59.559845 -1.112755 9.806061 0
59.335617 -1.629364 9.612747 0
58.223267 -1.282043 9.255493 0
58.273407 -1.475433 8.629181 0
57.926544 -1.516594 8.987778 0
57.100952 -1.291489 8.906639 0
56.988693 -0.757019 9.304565 0
56.41777 -0.259018 9.681335 0
56.472488 -0.138123 9.76577 0
56.643188 -0.150909 9.402763 0
55.848206 -0.310089 9.271202 0
55.531616 -0.158676 9.584503 0
54.977417 -0.102158 10.09549 0
54.72644 0.35672 10.265244 0
54.62854 -0.230148 10.229477 0
54.184113 0.56385 10.216614 0
54.232605 0.458885 10.142456 0
54.112854 0.903076 10.339661 0
54.31131 0.923584 10.372925 0
54.097473 1.169907 10.486191 0
54.270554 1.347816 10.518433 0
54.102859 1.256172 10.608078 0
54.264816 1.476059 10.945892 0
54.368729 1.690407 10.852341 0
54.313141 1.951103 11.179108 0
54.168945 1.801453 11.18988 0
53.794617 1.059448 10.815247 0
53.55809 1.740311 11.474648 0
53.75116 1.401054 11.13485 0
53.44632 0.973869 10.779556 0
54.141968 0.398918 10.279373 0
54.847046 0.840363 10.442444 0
55.252991 0.562454 10.230042 0
55.761475 0.291962 9.910416 0
56.151459 -0.297806 9.328781 0
56.58429 0.667351 10.074722 0
56.643494 -0.000298 9.77803 0
56.73172 -0.325104 9.526749 0
56.424896 -0.543526 9.283836 0
57.463272 -0.809143 9.197464 0
57.426285 -0.786835 9.439247 0
57.484085 -1.014679 9.282257 0
57.457703 -0.59874 9.651878 0
58.015182 -0.655128 9.196472 0
58.013077 -0.932114 9.123482 0
57.834473 -1.206276 9.252182 0
35.077133 -39.536442 -16.439682 1
32.912613 -40.246044 -16.829102 1
32.807739 -40.427307 -17.065155 1
30.788925 -39.766151 -16.275116 1
30.724716 -41.001778 -16.07196 1
29.657303 -43.447578 -14.317207 1
28.478485 -43.057068 -15.497978 1
26.415268 -43.651211 -14.172165 1
26.370361 -45.429695 -13.395844 1
26.438202 -46.541924 -13.542496 1
26.574692 -47.518463 -12.521141 1
26.182358 -47.999123 -12.077805 1
25.068993 -48.833473 -10.452042 1
24.534119 -51.575783 -7.584572 1
24.657669 -51.090584 -8.532784 1
23.327347 -50.313202 -8.070343 1
21.593651 -49.936489 -9.283653 1
20.43235 -49.739258 -8.91243 1
21.302307 -49.685909 -7.666054 1
20.664673 -49.420475 -6.897789 1
20.717026 -49.664314 -6.942963 1
20.300858 -49.260658 -6.255646 1
20.182365 -48.867817 -5.86142 1
20.443298 -48.937328 -5.686768 1
21.028862 -49.165817 -5.272873 1
21.018654 -49.077301 -5.044998 1
21.501953 -49.206059 -4.748795 1
21.366508 -49.19038 -4.752518 1
21.571121 -49.50111 -4.680527 1
21.249832 -49.143181 -4.89727 1
21.069656 -49.310509 -4.506866 1
20.992973 -49.713242 -4.518669 1
40.44603 -11.13166 4.014862 0
40.415802 -10.251755 4.890129 0
40.695038 -10.377731 5.113724 0
40.263184 -9.634476 5.741928 0
40.055359 -7.734161 6.406059 0
40.181839 -7.549774 6.57795 0
40.276215 -5.909576 6.386467 0
40.184586 -5.582634 7.141457 0
40.35054 -5.188446 6.860138 0
40.511047 -5.402039 7.341568 0
40.754425 -4.907982 7.54232 0
40.946533 -4.816833 7.563469 0
41.226608 -5.475281 7.098679 0
41.227219 -5.506737 7.11747 0
41.661285 -5.446709 7.435349 0
42.059937 -6.556946 6.888657 0
42.920776 -6.539505 6.649979 0
43.276398 -6.621445 6.13813 0
43.535522 -6.032249 6.358047 0
43.84549 -6.246696 6.037537 0
44.194641 -6.744614 5.651794 0
45.09993 -6.741875 5.524933 0
45.47435 -6.792114 5.986771 0
46.677383 -6.921234 4.86351 0
46.80072 -7.700531 4.338867 0
47.02243 -8.734695 3.860397 0
46.993622 -9.866287 2.694763 0
45.8479 -11.007698 1.175201 0
28.016716 -44.420311 -11.111794 1
28.045555 -43.802971 -11.046043 1
29.075989 -43.932941 -11.286469 1
29.193817 -43.703213 -11.051575 1
30.126343 -43.298416 -11.191444 1
30.533936 -43.223358 -11.282951 1
30.890579 -42.287415 -11.297066 1
41.375122 -19.761627 -7.457855 0
41.448303 -20.099251 -7.325058 0
41.661575 -19.196602 -6.89769 0
42.111252 -19.848831 -7.068031 0
41.935593 -18.993492 -5.921227 0
42.070541 -19.209015 -5.37439 0
42.096039 -19.901245 -5.587082 0
42.492096 -19.76799 -6.08519 0
43.020386 -20.639977 -6.119209 0
42.920563 -20.371712 -6.367332 0
42.663483 -19.592987 -6.769882 0
43.106735 -19.583328 -6.029381 0
43.727371 -19.239952 -5.307449 0
43.698029 -19.174797 -5.341019 0
43.489136 -18.738113 -5.19577 0
43.365479 -18.115181 -4.797913 0
43.151321 -17.812386 -4.707085 0
43.559433 -18.270248 -4.751343 0
43.670792 -17.388451 -4.326202 0
43.862869 -17.422653 -4.443932 0
43.575882 -16.453354 -3.463791 0
43.493469 -15.631546 -2.968964 0
43.218369 -15.197609 -3.454399 0
43.680603 -13.693741 -3.700485 0
43.150146 -13.724228 -3.98587 0
43.363739 -14.248055 -3.301971 0
43.752914 -14.667709 -3.361893 0
44.208038 -14.56662 -2.768112 0
59.799438 -17.265778 -7.707649 4
63.373688 -22.56485 -12.113693 4
64.920288 -24.266159 -13.936943 4
65.625748 -24.26873 -15.120499 4
65.073898 -27.595093 -16.945473 4
62.998367 -32.617035 -21.431244 4
62.543289 -34.031708 -22.311852 3
60.98378 -37.845657 -25.062241 3
59.874878 -36.923828 -24.60849 3
59.642044 -39.463772 -26.218109 3
58.744171 -38.668549 -24.181641 3
59.52652 -37.143646 -23.941803 3
60.210968 -37.642311 -24.311226 3
61.725769 -38.535027 -26.186157 3
62.49379 -38.069489 -25.793846 3
63.351074 -38.015144 -26.276115 3
62.908188 -38.182053 -26.85453 3
62.912781 -38.786144 -27.206787 3
63.085159 -39.587425 -28.191597 3
63.27301 -39.079323 -27.454895 3
63.437469 -39.468941 -27.913979 3
62.898788 -39.498665 -27.371147 3
62.431519 -39.110504 -25.527512 3
62.465637 -38.918007 -25.233826 3
62.38205 -39.013878 -25.172981 3
62.323883 -38.943832 -25.048363 3
62.304703 -38.973946 -25.073196 3
62.092361 -38.866013 -24.704704 3
62.209671 -39.744781 -25.420135 3
61.991882 -39.879948 -25.991211 3
61.649445 -40.328465 -26.011246 3
61.61264 -39.192204 -25.979866 3
60.054443 -39.811584 -24.426727 4
53.315613 -42.855019 -24.878685 4
49.008972 -42.99242 -24.870499 4
46.422592 -40.739983 -25.438354 4
43.404663 -40.782269 -25.718849 4
40.755066 -15.391418 -1.476135 0
40.918243 -14.258965 -0.93988 0
40.948547 -13.577705 -0.425323 0
40.98764 -13.179527 -0.13826 0
40.588867 -12.966858 0.257149 0
40.841537 -13.00457 -0.14679 0
40.955765 -12.938461 0.482101 0
41.035736 -12.866058 0.260681 0
41.819565 -12.858849 0.366608 0
42.603363 -13.40274 0.090385 0
43.099869 -14.23584 -0.168289 0
43.272003 -14.257195 -0.297058 0
43.128998 -13.014572 0.472748 0
43.180817 -12.629341 0.83242 0
43.085312 -12.441498 1.01548 0
43.361435 -12.131813 1.00351 0
43.168304 -12.48703 1.168533 0
43.177521 -12.689819 0.842133 0
43.203308 -12.554916 0.731934 0
43.159424 -12.543396 0.737389 0
42.910339 -12.719139 0.687531 0
42.823135 -13.655991 0.366638 0
42.976135 -14.822083 -0.830292 0
87.620773 -20.511017 -20.577637 3
87.026703 -28.200691 -25.83252 3
87.627655 -30.909256 -28.62207 3
83.961639 -24.754242 -29.805359 3
81.625488 -26.665604 -31.645302 3
82.4711 -31.300858 -30.996635 3
79.572189 -34.877861 -37.24752 3
81.084122 -29.267075 -31.205315 3
82.711823 -24.362549 -26.444984 3
83.583557 -25.826477 -29.091682 3
84.770081 -27.465385 -29.386749 3
82.209625 -26.671585 -26.856659 3
81.020462 -26.134644 -21.240486 3
80.538132 -24.261032 -17.889603 3
74.210831 -29.592728 -28.773415 3
65.818039 -30.701958 -25.385315 3
69.699966 -31.249794 -21.945312 3
69.982468 -32.798798 -22.813179 3
72.344833 -31.061836 -23.561478 3
73.163193 -29.86058 -23.162292 3
69.773331 -30.378677 -24.821205 3
68.721786 -30.969345 -24.034363 3
71.066818 -31.351669 -24.119682 3
74.856522 -28.712433 -24.321777 3
75.295013 -30.614494 -27.280884 3
75.080933 -29.75898 -25.661194 3
74.7677 -30.105659 -29.042572 3
75.108963 -26.332657 -20.518417 3
83.22319 -24.117531 -13.681969 3
84.672852 -28.876541 -20.282608 3
85.187744 -25.678474 -18.158783 3
85.888657 -23.978386 -17.324127 3
85.934097 -21.343872 -16.073654 3
86.547653 -19.660469 -17.761963 3
86.145706 -20.871521 -19.077591 3
85.79245 -21.0784 -19.850342 3
86.273529 -18.155762 -20.098534 3
86.462708 -22.648697 -22.812164 3
86.564789 -21.656593 -21.586136 3
85.364853 -23.241318 -22.866966 3
86.866211 -23.386627 -20.565651 3
87.192352 -24.995468 -19.272232 3
86.955002 -26.846382 -17.843979 3
85.802811 -29.194305 -20.942848 3
83.231049 -35.231712 -22.181473 3
80.488434 -32.750969 -21.098511 3
81.881409 -34.447777 -23.60762 3
82.132385 -35.320301 -24.103577 3
83.302048 -32.519836 -21.054512 3
80.385254 -23.61541 -10.080933 4
76.204681 -33.577637 -13.412308 4
77.071198 -31.467186 -14.230019 4
83.631409 -34.680428 -21.980095 4
86.015945 -33.011765 -21.985588 4
85.81987 -33.010971 -20.637146 4
85.944138 -33.57859 -21.39621 4
85.733154 -33.484695 -20.959969 4
84.00032 -32.262581 -19.080536 4
83.824127 -32.59549 -19.562553 4
85.254669 -32.653091 -20.871147 4
85.046783 -33.733376 -21.902794 4
85.716949 -33.301003 -21.72438 4
86.191925 -32.949196 -21.33374 4
85.410446 -34.921135 -23.359512 4
5.556541 -54.359692 -11.573944 4
7.529083 -55.788464 -13.893188 4
6.24131 -57.126492 -13.46785 4
0.981445 -57.41925 -12.465233 4
6.231125 -57.01638 -14.650291 4
9.000938 -56.872963 -13.405334 4
8.84697 -57.351883 -13.5177 4
9.131401 -57.232147 -11.572258 4
9.180328 -57.365845 -12.085297 4
12.819061 -57.187595 -10.987717 4
14.437485 -56.693466 -10.974274 4
10.303009 -57.092182 -8.233917 4
12.518463 -57.590874 -8.606461 4
10.106964 -57.11166 -7.199554 4
6.243317 -57.078259 -7.733505 4
6.531097 -57.728516 -5.994934 4
4.648315 -56.023151 -5.127274 4
13.499428 -56.727791 -12.063324 1
15.121246 -56.62487 -11.255615 1
15.205688 -56.407539 -11.341919 1
15.162842 -56.68158 -11.483704 1
13.634888 -56.489731 -10.66452 1
14.286346 -57.006912 -9.97699 1
14.396652 -56.566948 -10.490845 1
14.513191 -56.597176 -11.2276 1
13.393036 -56.87751 -10.789825 1
14.17511 -56.618923 -10.892433 1
14.28447 -56.029743 -11.368263 1
16.057343 -56.296261 -12.200241 1
16.128006 -55.649178 -12.400604 1
15.69104 -56.306526 -11.700897 1
14.81971 -56.090523 -11.976761 1
16.257843 -56.251431 -10.967354 1
16.868088 -56.093651 -11.291809 1
19.138245 -56.20871 -11.901642 1
20.070625 -56.065346 -11.552612 1
16.861496 -55.562675 -11.074791 1
17.85997 -55.35936 -11.393173 1
19.186157 -54.707432 -11.963272 1
19.505157 -55.792549 -11.840721 1
20.595367 -56.281841 -11.474258 1
20.821823 -56.166035 -11.773285 1
21.568726 -56.406612 -10.926804 1
21.194885 -56.708183 -10.920288 1
21.88504 -56.989506 -10.332642 1
22.533173 -56.657333 -10.910141 1
22.186691 -56.628609 -11.404099 1
19.461746 -56.565235 -11.1754 1
20.542442 -56.591236 -11.711586 1
20.410095 -56.177578 -11.506927 1
21.407425 -56.040977 -11.696251 1
21.363693 -55.980564 -11.816734 1
20.356567 -56.634941 -11.984879 1
21.02446 -56.703739 -12.104713 1
21.63604 -56.248817 -12.016045 1
20.564346 -56.783073 -11.630615 1
23.174675 -56.004135 -12.041107 1
22.820663 -56.703381 -11.198334 1
22.577774 -56.317871 -10.69574 1
21.235634 -55.782322 -10.664474 1
21.578178 -56.117916 -9.655655 1
20.296005 -57.08617 -10.289734 1
17.573524 -56.987984 -12.279305 1
20.709824 -56.141918 -11.616714 1
20.194427 -56.448776 -11.722809 1
40.811493 -49.033745 -14.447052 1
40.557159 -47.761086 -16.067123 4
42.078461 -47.002178 -17.799767 4
42.172241 -46.654118 -17.618553 4
42.545319 -46.914585 -17.8535 4
42.017426 -47.01049 -18.330223 4
41.906219 -47.00016 -18.764221 4
41.939941 -47.361542 -18.225243 4
41.683899 -47.245941 -18.109573 4
40.665009 -47.705406 -18.093216 4
37.599686 -49.287106 -15.428284 4
36.556732 -48.933411 -14.281021 4
32.114319 -49.366112 -12.62104 1
30.102081 -50.124126 -12.073532 1
29.315491 -48.774536 -13.40686 1
29.674744 -49.741325 -12.267342 1
27.779449 -50.299973 -11.113113 1
26.020599 -49.274658 -10.798409 1
25.801575 -51.318268 -8.533752 1
26.63134 -51.674709 -6.1353 1
26.242569 -51.259743 -6.824776 1
28.833527 -51.165665 -7.004745 4
32.241882 -51.943901 -4.123306 4
33.97731 -50.818237 -4.12442 4
36.310699 -50.066574 -3.617638 4
37.49118 -47.891617 -4.51413 4
38.829025 -47.496151 -4.05764 4
39.028046 -45.722984 -3.749802 4
40.657211 -45.106167 -3.950554 4
40.175964 -43.162392 -2.868576 4
42.797028 -42.598557 -2.581161 4
44.160156 -41.22258 -1.959846 4
45.453156 -39.197227 -1.463722 4
46.380707 -38.03186 -0.08654 0
46.42543 -35.226997 1.622108 0
46.757263 -32.891953 2.218201 0
47.78714 -29.725082 4.592133 0
49.093124 -29.577484 4.531265 0
51.422318 -29.050278 4.812447 0
50.853149 -28.694489 6.542557 0
51.463638 -27.31282 7.869019 0
51.875504 -27.058357 8.90229 0
52.536758 -27.018509 9.169662 0
52.496002 -25.067863 9.195114 0
52.486557 -24.703102 9.884857 0
51.906952 -23.449829 9.977257 0
51.906723 -23.560211 9.707634 0
51.497467 -22.913559 9.94545 0
50.780304 -23.444298 9.893898 0
50.615891 -23.219955 10.035751 0
50.915436 -23.246552 10.453247 0
50.735535 -22.937881 10.899231 0
50.712265 -22.93782 10.621193 0
51.143921 -22.853104 10.685898 0
50.81749 -22.745094 10.63913 0
51.126541 -22.700928 10.63765 0
50.807892 -22.677223 11.019226 0
50.623383 -22.252251 10.960571 0
50.783524 -22.592804 10.693924 0
51.198578 -22.746025 10.502869 0
50.888184 -22.529015 10.966904 0
51.031738 -22.785019 10.854607 0
50.756348 -22.161835 11.101662 0
50.926086 -22.190353 11.246841 0
50.803741 -22.267921 10.998947 0
50.853729 -22.264618 10.808746 0
50.669067 -22.592186 10.467346 0
50.538605 -22.629852 10.608047 0
50.712326 -22.853203 10.611023 0
50.876221 -22.627701 10.777161 0
50.954605 -23.108612 10.174919 0
51.115799 -23.237427 10.043411 0
51.317261 -23.62204 9.821411 0
51.122559 -23.676498 9.996391 0
51.327057 -23.674133 9.917892 0
51.418182 -23.184219 9.802483 0
51.325989 -23.234497 9.719254 0
51.031906 -23.095932 10.052368 0
51.059418 -23.169052 10.125473 0
51.042435 -23.234589 10.03746 0
51.372345 -23.394646 9.781616 0
51.330444 -23.422661 9.717911 0
51.239807 -23.512177 10.351044 0
50.839691 -23.374107 10.600967 0
50.959076 -23.385468 10.539276 0
50.676956 -23.150024 10.320297 0
50.827103 -23.991821 10.928238 0
50.370728 -24.024231 10.986122 0
46.868103 -1.692513 8.203735 0
47.807007 -2.925224 7.933624 0
48.082123 -1.863647 8.749359 0
47.757095 -0.864418 9.4039 0
47.307556 -0.022224 9.996574 0
46.60701 0.519264 10.329224 0
46.274078 0.890518 9.752533 0
46.839996 1.081787 10.032555 0
47.838318 0.374611 9.820374 0
48.491852 0.136093 9.537094 0
48.647491 0.140945 8.190735 0
49.850052 -1.292709 7.259735 0
51.477859 -2.263306 6.248917 0
51.59021 -0.427666 7.631775 0
51.52919 0.302994 7.185677 0
51.374954 2.063217 7.280838 0
50.208466 1.187012 6.975479 0
48.015884 1.647949 8.653595 0
47.031525 2.457825 9.391586 0
45.337708 3.681717 11.346298 0
46.640686 4.629288 12.540268 0
46.751343 4.05722 12.646751 0
46.070648 3.859062 10.906693 0
44.856491 3.897141 10.907249 0
45.129639 4.346359 11.242973 0
44.623306 4.480804 11.388817 0
43.985992 4.29866 11.213531 0
43.678864 4.074295 11.384903 0
44.115021 3.97821 11.31498 0
43.682785 3.712402 11.847404 0
43.771149 3.129257 11.432495 0
45.73616 1.953156 9.970856 0
46.46817 1.981201 9.962379 0
47.727844 2.103226 10.279007 0
47.985779 2.050369 10.152351 0
48.160767 1.248901 9.698456 0
48.105606 0.990524 9.762344 0
45.886093 1.549232 10.466927 0
43.315735 1.898483 11.609467 0
43.220856 0.722366 11.565308 0
42.944977 1.919785 12.702576 0
43.63855 0.174271 11.547424 0
43.866608 -1.23465 10.130707 0
44.059601 -0.815186 9.973175 0
44.195023 -0.643959 9.667725 0
44.076126 -1.847488 8.601997 0
43.902832 -0.918518 8.603851 0
43.621368 -1.191635 9.312622 0
43.957184 -0.20977 9.676346 0
43.076721 1.521767 11.130692 0
44.695724 -0.012474 9.886139 0
44.474579 1.578621 10.540558 0
47.139359 -0.448929 9.667305 0
47.720093 -0.55072 9.305908 0
47.98407 -1.348412 8.747696 0
47.702698 -0.556206 8.636902 0
46.756287 -1.549942 8.502411 0
46.071899 -3.498199 9.447617 0
45.546387 -3.317535 9.57341 0
52.106384 1.059563 12.497063 0
51.008362 1.182175 13.091881 0
51.109589 1.635956 13.459694 0
51.285294 0.955154 13.16082 0
52.050598 2.153732 14.367355 0
51.843582 2.946136 14.915268 0
49.376373 2.997574 14.5896 0
49.296753 2.93045 14.893181 0
48.671906 3.010368 14.730576 0
51.258057 3.164551 14.53466 0
51.193192 3.224777 14.789864 0
49.801102 4.444427 15.401894 0
48.575836 4.479294 15.37915 0
48.023376 4.617523 15.518623 0
48.493271 4.995621 15.693268 0
48.312378 4.287308 14.830109 0
48.216431 4.325531 14.978241 0
48.325607 4.303833 15.172958 0
47.516586 4.950256 15.585587 0
47.509872 4.731308 15.974785 0
47.098053 4.766029 15.629913 0
47.124054 4.556946 15.314316 0
46.957443 4.169617 14.976059 0
47.274139 3.269119 15.163162 0
47.235382 3.609673 14.362587 0
47.066772 3.466522 14.483093 0
47.207779 3.730179 14.663086 4
47.866592 3.389954 14.841499 4
49.036377 3.302933 16.097649 0
50.236237 2.271561 10.432739 0
49.920181 2.093536 10.719292 0
50.312042 2.123177 10.546585 0
50.453125 2.276382 10.340767 0
50.759918 1.98056 9.807693 0
50.755188 1.6418 10.276398 0
51.061371 1.156837 9.876373 0
52.223099 1.066315 9.382385 0
52.939423 0.549751 8.652603 0
52.60434 0.714752 8.979698 0
51.59816 1.469101 9.347107 0
52.141815 0.802414 9.081039 0
52.164215 1.42308 8.696533 0
52.489258 -4.964676 3.890869 4
52.544189 -5.011436 3.692032 4
52.448898 -5.01152 3.819855 4
52.605347 -5.051971 4.055374 4
52.379623 -5.197792 3.546783 4
52.325806 -5.295944 3.271011 4
51.879501 -5.195557 3.561386 4
51.949295 -5.371826 3.415855 4
52.776108 -5.528244 3.033417 4
53.842651 -5.836853 2.501846 4
53.513397 -5.402649 2.947021 4
53.479614 -5.147484 3.798592 4
53.359833 -4.752258 4.626099 4
17.843285 -53.092556 -12.663681 1
16.739105 -54.559616 -13.17675 1
14.871658 -54.055302 -12.958862 1
15.170723 -55.196587 -12.7015 1
13.538383 -54.722385 -12.122917 1
12.878494 -53.632538 -13.307556 1
14.272362 -54.185974 -13.439362 1
14.170456 -54.935951 -12.574814 1
12.559753 -56.831333 -10.866554 1
11.683762 -57.354916 -9.977089 1
10.678253 -56.588524 -10.986755 1
13.136749 -55.86713 -10.457855 1
11.886353 -56.632473 -9.250809 1
10.838989 -55.902214 -10.242432 1
11.538147 -56.295635 -10.265427 1
11.726372 -56.084892 -10.316101 1
11.981415 -55.848633 -10.051308 1
13.399315 -56.01683 -11.312241 1
11.603271 -55.196754 -10.862709 1
10.640671 -56.339314 -10.81102 1
10.495262 -54.960995 -10.734764 1
11.763771 -55.989807 -10.81015 1
11.847702 -56.036526 -10.778351 1
11.675049 -55.888123 -11.516556 1
14.030388 -55.549606 -10.536339 1
16.298149 -54.478401 -12.938858 1
-7.129379 -59.239845 4.598648 4
-9.216675 -58.474869 5.428101 4
-12.956932 -57.366409 7.101974 4
-12.177376 -57.336918 5.986115 4
-15.143303 -58.202965 6.924805 2
-17.209518 -56.494411 7.275864 2
-17.793877 -56.248207 8.220505 2
-18.001862 -55.370983 8.121887 2
-17.478806 -55.045021 7.927261 2
-16.941872 -55.035515 7.598671 2
-18.928474 -54.755333 7.797981 2
-19.511322 -53.857456 7.973305 2
-20.067093 -54.046352 8.851059 2
-19.453003 -54.429031 8.81971 2
-18.569992 -55.567719 8.542282 2
-18.162628 -56.047951 8.751785 2
-17.607109 -55.732555 10.198822 2
-19.374786 -55.02417 11.434731 2
-18.636063 -55.874466 11.491409 2
-18.615639 -55.154781 11.185562 2
-19.345474 -55.23727 11.494377 2
-19.572067 -55.339684 12.320374 2
-19.4021 -55.624924 12.133644 2
-17.223572 -56.091469 11.338921 2
-18.061768 -56.060806 10.587914 2
-18.909836 -56.447784 16.056404 2
-22.532707 -54.334827 17.46991 2
-24.371368 -53.232513 18.718025 2
-25.504105 -52.859558 18.092453 2
-23.140442 -52.636272 20.32341 2
-25.637344 -50.700405 23.812836 2
-26.291084 -49.579552 23.838936 2
-28.04496 -48.283596 23.877411 2
-27.768524 -48.039242 24.078117 2
-27.880318 -46.772552 24.354057 2
-28.025688 -45.691696 22.66272 2
-29.219177 -44.294304 23.362175 2
-28.66835 -43.538826 23.611145 2
-29.404938 -44.190086 22.449165 2
-27.647049 -42.781311 22.381592 2
-29.318024 -41.889168 24.922745 2
-29.561249 -41.219757 25.166176 2
-28.586227 -42.866352 25.223846 2
-29.381897 -43.837749 26.500694 2
-28.007652 -44.477417 26.805084 2
-28.3134 -44.584557 29.01387 2
-26.080101 -43.161484 29.605637 2
-27.859787 -42.480942 31.684967 2
-27.226128 -42.266045 30.60347 2
-27.666283 -43.67691 30.966446 2
-27.294403 -44.102154 30.00827 2
-26.629387 -43.976357 28.735031 2
-26.770035 -46.222767 28.816422 2
-27.017258 -46.925583 28.923218 2
-27.275185 -46.950546 29.026917 2
-28.726295 -46.515823 29.236145 2
-27.928154 -46.192688 29.322861 2
-28.49926 -46.443207 29.437149 2
-28.394951 -45.977104 29.011261 2
-28.350365 -46.457878 28.558853 2
-27.638626 -46.249275 27.988106 2
-26.59462 -46.396233 27.432098 2
-25.746841 -45.619064 27.349197 2
-26.888283 -45.501083 27.834564 2
-27.469025 -44.161026 28.44136 2
-27.686111 -45.611839 28.364708 2
-26.371651 -47.014458 27.775772 2
-26.790192 -46.346931 27.809814 2
-27.24884 -45.901299 27.915894 2
-27.175407 -44.487946 28.409363 2
-26.952454 -44.590462 26.961243 2
-26.965996 -44.142036 27.287498 2
-27.933296 -40.967731 28.535934 2
-28.21328 -40.90696 28.349182 2
-28.004128 -40.280495 27.9487 2
-27.606422 -42.341576 27.354706 2
-27.092224 -41.395935 27.097626 2
-27.211517 -42.622986 25.117004 2
-27.570076 -43.293762 25.85553 2
-30.120773 -43.426582 23.756592 2
-28.984505 -42.586456 22.3815 2
-28.272385 -42.197716 22.146973 2
-27.152443 -40.131851 22.010681 2
23.175812 -18.069244 -8.343872 4
26.661224 -19.850349 -10.593826 4
-7.687508 -60.933113 2.270233 2
-8.558746 -61.045631 3.690056 2
-4.486176 -61.976162 2.84671 2
-9.01947 -62.008347 4.070236 2
-9.314621 -61.929836 4.508133 2
-12.230499 -61.829983 5.430748 2
-12.499207 -61.709671 5.381264 2
-13.329376 -61.591042 6.195168 2
-9.876633 -61.442825 5.031601 2
-13.140762 -61.473541 6.009499 2
-10.905655 -61.491474 4.878922 2
-11.006332 -61.600685 5.357597 2
-10.268829 -62.240974 5.660133 2
-10.014847 -62.051472 5.599396 2
-11.925446 -62.224434 6.17205 2
-13.561996 -60.9011 7.626907 2
-14.752411 -60.553543 7.912445 2
-14.017715 -61.037685 6.827744 2
-13.820786 -60.966019 6.438522 2
-12.604088 -61.153511 6.567902 2
-12.008621 -60.300583 6.448151 2
-16.538231 -59.790951 6.758072 2
-16.821945 -59.811241 5.869263 2
43.603668 -8.672394 -0.145966 0
43.440536 -9.962898 -0.441406 0
44.154327 -13.16523 -0.927979 0
46.123856 -18.75798 -3.915512 0
47.212769 -27.699425 -7.130882 0
44.825317 -33.66848 -9.280441 0
41.322906 -44.99482 -12.836487 0
40.456924 -47.704994 -17.498047 0
37.830948 -50.338974 -12.883049 4
18.994781 -50.53149 -0.65274 1
18.893303 -49.800797 -1.844269 1
18.13607 -51.71423 -0.719467 1
18.772736 -52.185894 -0.74588 1
17.713608 -52.407104 -0.627869 1
17.863884 -51.471523 -1.833221 1
17.70105 -52.420246 -1.199341 1
16.880341 -53.387207 -1.415558 1
16.957466 -53.229191 -1.75 1
17.311508 -54.185684 -1.47123 1
18.626701 -55.584579 -1.052689 1
18.184731 -55.102921 -1.773148 1
17.373444 -55.215923 -2.271011 1
16.96611 -55.202572 -2.532143 1
16.10067 -55.236931 -2.591003 1
16.332138 -55.536652 -2.374466 1
16.816666 -55.360695 -2.817535 1
16.675758 -56.013 -2.645988 1
16.264275 -55.694786 -3.307739 1
17.078178 -55.416885 -3.5811 1
17.035233 -55.477219 -3.684196 1
17.044991 -55.27816 -4.081451 1
17.361946 -55.372517 -3.887024 1
16.991798 -55.425034 -3.092773 1
17.712677 -55.527618 -3.489426 1
17.753311 -55.483692 -3.338287 1
17.580299 -55.351013 -3.270004 1
17.358063 -55.606907 -3.028404 1
18.018562 -55.662125 -2.775078 1
18.552841 -55.536121 -2.519592 1
19.064041 -55.695221 -2.329605 1
18.634628 -55.8867 -1.931641 1
19.103195 -54.450462 -2.880981 1
17.494263 -55.449467 -1.324188 1
17.843781 -53.778152 -1.65699 1
19.543053 -51.99958 -2.407776 1
46.892487 -9.103668 4.481621 0
48.189178 -8.926636 5.232399 0
48.779846 -8.292931 5.379669 0
49.283905 -8.647949 5.181671 0
49.304398 -8.286247 4.844498 0
50.498352 -7.792343 4.594963 0
50.398636 -7.918716 4.55481 0
49.944885 -7.601189 4.149811 0
50.008514 -7.12001 4.375519 0
50.252335 -7.925293 3.955688 0
50.303726 -8.505447 4.233444 0
49.787933 -9.325226 4.865067 0
49.268036 -9.645973 5.119507 0
48.577972 -10.540298 4.761581 0
48.504227 -13.121689 5.139648 0
47.035156 -14.902756 4.827972 0
26.016838 -56.874866 1.174759 1
26.045715 -56.408669 1.403938 1
25.244545 -56.838875 1.486465 1
24.304916 -56.633049 1.273834 1
24.342659 -56.909145 0.810944 1
24.064514 -56.377342 0.827606 1
23.973328 -56.735641 1.207901 1
24.223602 -57.23592 1.667068 1
23.66787 -57.201927 1.786652 1
23.697998 -56.95586 2.119339 1
23.375488 -56.320538 2.148972 1
24.347183 -56.957966 1.815514 1
24.314682 -56.640785 2.37413 1
23.723526 -55.789516 2.583412 1
23.059097 -56.582527 2.811653 1
22.84417 -55.756378 3.105698 1
23.131393 -55.177437 2.905472 1
23.799751 -55.242783 2.993607 1
23.657379 -54.872795 2.872284 1
22.917542 -55.510826 2.785385 1
22.838959 -56.179764 3.002228 1
23.165878 -56.318855 3.193153 1
23.407036 -56.745789 2.929626 1
23.561844 -57.041145 3.178589 1
23.796822 -58.373432 3.344513 1
24.642334 -57.116585 3.035889 1
24.239899 -58.738716 2.818817 1
23.923874 -59.162766 3.082001 1
23.192024 -58.563251 3.131012 1
23.844337 -58.578716 2.944382 1
23.053253 -57.586754 2.935776 1
23.002785 -57.332458 3.026505 1
23.62326 -58.18697 3.152054 1
23.005157 -57.584923 2.942673 1
22.721535 -57.843895 3.059258 1
23.286804 -57.259087 2.667114 1
23.640457 -57.037296 2.512047 1
23.178474 -57.070755 2.576279 1
22.616241 -56.543949 2.281754 1
22.057228 -56.119057 2.298309 1
22.311844 -56.357651 2.282394 1
21.790817 -55.657051 2.169403 1
22.435898 -56.34111 2.309113 1
22.377937 -56.299133 2.355286 1
21.597229 -55.445961 2.303757 1
21.532684 -55.72876 2.295113 1
21.376663 -55.009197 2.49472 1
21.641861 -55.49477 2.849152 1
21.010574 -54.619816 3.009453 1
21.096298 -54.018188 3.026985 1
21.401825 -53.967625 3.451241 1
21.58252 -52.708168 3.365494 1
21.489578 -51.663017 3.620499 1
22.22113 -51.558277 4.137283 1
23.87709 -47.896805 3.440201 1
21.838829 -54.637108 -0.341293 1
21.34893 -55.055252 -0.358231 1
21.171204 -54.961922 -0.427094 1
21.888962 -56.014088 0.629852 1
21.760048 -55.733795 0.754921 1
21.472961 -55.546131 0.769753 1
21.069237 -55.124901 0.729553 1
21.31955 -55.23378 1.396439 1
21.275894 -54.465172 1.321609 1
22.558655 -55.363464 1.433609 1
22.48867 -55.088531 1.665344 1
22.066818 -54.684982 1.316391 1
21.675797 -54.8582 1.191116 1
20.874229 -54.20742 1.20874 1
20.719528 -54.060112 1.184235 1
21.025566 -54.680847 1.490067 1
20.448601 -54.256599 1.163055 1
20.187271 -54.613316 1.176888 1
20.116402 -54.21814 0.887238 1
20.167114 -53.865715 0.842773 1
20.063576 -53.647514 0.857368 1
20.479958 -53.088062 0.745834 1
20.793396 -52.947147 0.588501 1
21.028717 -48.471508 -3.609993 1
21.567833 -47.330215 -4.835495 1
22.095779 -47.560631 -3.953934 1
22.70546 -47.40139 -4.815475 1
23.021271 -47.618454 -4.0802 1
23.15554 -47.689716 -4.532166 1
23.003494 -47.707684 -4.513474 1
23.179459 -47.068382 -4.988907 1
23.0354 -47.247284 -5.125 1
22.909637 -47.193398 -4.472229 1
23.210335 -47.219856 -4.784599 1
22.870392 -47.214096 -4.260887 1
22.83432 -47.176926 -4.241302 1
23.203827 -47.043365 -4.719254 1
22.849319 -46.914505 -4.778671 1
22.605217 -47.254654 -4.399673 1
22.008316 -47.318802 -3.635498 1
21.418793 -48.367298 -2.398773 1
21.764854 -47.452709 -4.119995 1
21.377151 -47.614094 -3.423042 1
20.69223 -48.718521 -2.82003 1
20.742798 -49.035015 -2.651215 1
20.620056 -49.307007 -2.431412 1
20.342896 -49.312855 -2.28566 1
20.599579 -49.038666 -2.282928 1
20.538551 -48.812706 -2.959915 1
21.458244 -47.937637 -3.96283 1
21.315048 -47.942081 -3.796211 1
21.362549 -48.297623 -3.207993 1
20.693436 -49.015495 -1.702637 1
20.851471 -48.321457 -2.938461 1
20.580948 -48.039093 -3.753914 1
21.177338 -48.870239 -1.810295 1
21.294891 -49.183044 -1.660515 1
21.226318 -49.389919 -1.356445 1
21.081406 -49.261906 -1.279839 1
21.309929 -49.08149 -1.228226 1
22.038055 -49.578049 -1.220169 1
21.428192 -48.896782 -2.184563 1
21.174065 -48.928589 -1.743179 1
21.377861 -48.224419 -2.34185 1
21.389908 -48.286644 -2.144829 1
22.016556 -49.171028 -1.35569 1
21.791153 -49.182869 -1.695145 1
21.648582 -48.67194 -1.314034 1
21.49437 -48.194244 -1.315918 1
21.638763 -48.290806 -1.226654 1
21.25843 -48.283745 -1.115265 1
21.447166 -47.890518 -1.05899 1
21.326317 -47.620087 -0.600967 1
21.372208 -47.955246 -0.877258 1
21.355713 -47.89045 -0.86853 1
21.183685 -47.550213 -0.873047 1
21.105789 -48.379154 -0.667419 1
21.008041 -48.305725 -0.738052 1
21.058563 -48.395531 -0.726288 1
21.120438 -48.645115 -0.53595 1
20.674095 -48.840511 -0.146606 1
20.88887 -49.04155 -0.338173 1
21.630684 -49.80098 0.120895 1
39.060364 -12.455818 -4.86692 0
39.359329 -13.671677 -6.368172 0
40.036316 -13.709007 -5.85041 0
39.899567 -14.402328 -6.058578 0
39.668793 -14.06411 -6.148476 0
39.783447 -14.052002 -6.243851 0
39.733643 -14.040657 -6.260452 0
39.932281 -13.684967 -6.204346 0
39.949921 -14.724358 -6.152031 0
39.671005 -14.47583 -5.884804 0
39.577347 -14.075592 -6.389015 0
39.814362 -13.512207 -5.640289 0
38.330231 -12.166237 -5.247185 0
31.52272 -11.844162 -1.170181 0
29.090897 -13.333702 -0.618057 0
21.823166 -44.732796 5.523636 1
21.1772 -44.203247 5.683479 1
21.042603 -44.012478 5.906128 1
21.077408 -43.671516 5.615051 1
20.970581 -43.689384 4.793587 1
20.695175 -45.288471 4.250183 1
19.945152 -45.707188 4.253143 1
18.990578 -46.302765 3.262367 1
18.788834 -46.38179 3.466492 1
18.849686 -46.4408 3.408234 1
19.327583 -45.923988 3.810211 1
20.268654 -45.525635 4.166214 1
20.826447 -46.132416 4.626312 1
21.215515 -46.170532 4.575378 1
20.977203 -45.972397 4.790474 1
21.192307 -45.895329 4.829475 1
21.362793 -46.165863 5.168732 1
21.203278 -45.46946 4.870102 1
21.152046 -45.923172 5.121918 1
20.34684 -46.609985 4.991112 1
19.829163 -46.791634 4.762146 1
19.564713 -47.273632 3.522781 1
18.144997 -47.576603 1.969391 1
16.950577 -48.433685 0.555908 1
17.106651 -49.648338 0.6446 1
17.813812 -50.71209 0.606247 1
18.135681 -51.163876 0.486992 1
17.708359 -51.054394 0.653297 1
19.2379 -51.324551 0.814064 1
19.638168 -51.110237 0.424255 1
19.403183 -51.796799 0.923538 1
20.053047 -52.675716 1.221268 1
43.931488 -8.018112 -10.688385 1
36.709229 -54.045258 -23.41835 1
19.131149 -54.116749 2.31498 1
44.159775 -7.440193 -9.324295 1
44.550079 -6.686066 -8.87574 1
44.656693 -6.578247 -8.550308 1
44.488266 -6.638039 -8.754913 1
45.409744 -6.609711 -7.713501 1
15.965012 -50.985386 2.59613 1
16.070595 -50.857948 2.357071 1
15.45137 -50.773899 1.937256 1
13.521492 -49.336884 0.749245 1
13.240555 -50.092072 0.114746 1
12.7341 -51.862362 -0.552338 1
11.393532 -51.840027 -1.802971 1
10.275307 -51.066475 -4.326431 1
10.56237 -51.908783 -5.118805 1
9.634811 -51.377918 -5.78894 1
9.875504 -52.412544 -5.750862 1
70.621658 -15.838745 -0.777252 3
72.518051 -13.331696 0.189949 3
70.813049 -14.722885 1.470314 3
72.950043 -13.83342 2.807999 3
72.759109 -13.330643 2.404053 3
73.042358 -11.858612 3.425995 3
73.712891 -10.918335 3.703766 3
75.328827 -8.346542 5.824562 3
75.28772 -7.644043 6.909233 3
75.08902 -10.177567 5.398636 3
76.377106 -9.481003 5.40184 3
77.601456 -3.544037 9.624962 3
77.290283 -3.021561 10.013008 3
77.153198 -3.290283 10.82251 3
75.703049 -4.384705 10.264725 3
74.100632 -2.152542 10.823616 3
74.204529 0.23941 12.45797 3
72.889679 1.419914 13.057526 3
62.297485 -1.666924 9.046303 3
69.40683 -2.682938 6.866684 3
72.440277 -4.689224 5.296906 3
74.654007 -5.018402 4.867706 3
72.321777 -1.784607 7.365509 3
70.919098 -7.94931 2.806885 3
68.236603 -12.826973 -2.837814 3
68.198318 -10.790024 -4.295609 3
67.469757 -10.742004 -5.33992 3
67.555054 3.816902 17.946823 3
25.60965 -58.092896 -4.548523 1
25.50943 -58.31871 -4.631927 1
25.324951 -58.191158 -4.670189 1
25.841003 -58.212616 -4.326263 1
24.714821 -59.223766 -3.426193 1
25.006653 -58.777988 -3.884109 1
24.797882 -58.981995 -3.633148 1
24.999054 -58.65855 -3.918968 1
25.343857 -58.880295 -3.968102 1
25.104416 -58.111324 -4.594833 1
26.468102 -57.349018 -5.560898 1
26.153854 -58.294266 -3.805603 1
26.340942 -58.050182 -3.239799 1
27.264816 -58.609768 -1.69165 1
24.831665 -58.272133 -3.044167 1
23.017212 -58.886116 -1.914978 1
23.330635 -57.886425 -0.614578 1
24.533272 -55.897739 -0.355202 1
26.707825 -57.237381 10.146561 1
26.919434 -58.239799 10.330048 1
27.425507 -57.558491 10.493202 1
26.856339 -57.018227 10.58989 1
26.850311 -55.406467 11.795364 1
25.713791 -54.50425 12.467674 1
25.579529 -53.696762 13.316864 1
25.773148 -53.435776 13.877861 1
25.998001 -54.901131 13.971016 1
25.412521 -56.041862 14.138969 1
25.849442 -54.569695 14.958725 1
25.582649 -55.524349 15.049278 1
25.639389 -56.662315 14.975967 1
26.604996 -56.831253 14.406487 1
26.628448 -57.698814 14.297104 1
26.044601 -57.45118 14.687378 1
25.753159 -58.16951 14.677666 1
25.787186 -58.704865 13.762459 1
25.535225 -59.541374 14.275269 1
25.297028 -59.271458 14.241051 1
25.326988 -59.280758 14.467743 1
25.133217 -59.483192 13.93457 1
25.618774 -60.211937 13.100082 1
25.665955 -60.898689 12.996857 1
26.053726 -61.474461 12.50882 1
25.974037 -61.421967 12.568428 1
25.909576 -61.808609 12.338768 1
25.687607 -62.053459 12.539368 1
25.620277 -61.960869 12.292236 1
25.858681 -61.863918 12.104965 1
26.156219 -61.603981 11.92157 1
26.254738 -61.210136 11.894005 1
25.279449 -60.30468 12.468399 1
25.616753 -60.596809 12.034401 1
25.53421 -60.562496 12.217232 1
25.607506 -60.910065 12.224274 1
26.219086 -61.164177 11.713806 1
26.045952 -61.72123 12.725952 1
24.682526 -59.366405 12.059891 1
24.731804 -59.739075 12.429016 1
24.896782 -60.049007 12.231079 1
25.333351 -60.832123 12.001907 1
25.332611 -60.788128 11.626495 1
24.772644 -60.76741 11.752106 1
24.938705 -60.423599 11.91571 1
25.009415 -60.667572 12.178024 1
24.900345 -60.043015 12.298447 1
25.234016 -60.145309 11.688156 1
25.160507 -60.762596 11.527191 1
25.242752 -60.669876 11.716766 1
25.401009 -61.41692 11.603287 1
25.905533 -61.924343 11.903366 1
25.256836 -61.109699 11.829163 1
25.464432 -61.223602 11.85775 1
25.280334 -60.779453 12.055389 1
25.309456 -60.756027 12.087509 1
25.783493 -60.151073 12.235825 1
25.119919 -60.461586 12.120781 1
25.773148 -60.13335 11.682053 1
26.267883 -61.176392 11.747337 1
26.45929 -61.56599 11.617065 1
26.5457 -60.705902 11.445351 1
26.371155 -61.47673 11.506165 1
26.189209 -61.47097 11.375542 1
25.57782 -60.617973 11.261932 1
25.308197 -60.742008 11.100197 1
24.970596 -60.454063 10.640823 1
25.251274 -60.871517 10.462082 1
25.952385 -61.055305 10.814316 1
25.907661 -61.335045 10.760406 1
26.056854 -60.1339 10.799728 1
26.145195 -59.81311 10.85257 1
26.586624 -60.080296 10.90834 1
25.817627 -60.237804 10.800545 1
26.329849 -59.092613 11.153137 1
25.841263 -59.957458 10.805534 1
26.282867 -60.343246 10.644836 1
26.225899 -59.731152 11.005386 1
26.096924 -58.402664 11.463982 1
25.924103 -58.886822 11.489761 1
25.868065 -59.745174 11.629242 1
24.764809 -53.630386 -6.856339 1
24.488144 -53.722446 -6.690674 1
24.544006 -53.556744 -6.70369 1
24.91507 -54.218594 -5.60347 1
24.550095 -54.216743 -5.354408 1
24.337814 -53.616318 -6.503319 1
24.732971 -54.016087 -5.214859 1
24.708183 -54.35471 -5.408264 1
24.774475 -54.436378 -5.095627 1
25.297974 -54.555031 -4.384735 1
25.278503 -54.898689 -3.758034 1
25.034256 -54.996624 -3.872833 1
25.36734 -55.36948 -3.51413 1
25.108818 -54.747406 -3.859467 1
25.030396 -54.487339 -4.088303 1
25.183609 -54.270111 -4.464638 1
25.180138 -54.243034 -3.882545 1
25.138718 -54.217514 -3.811089 1
24.867798 -54.429935 -3.867203 1
25.052628 -54.365692 -3.265671 1
24.508911 -55.011265 -3.086594 1
24.579987 -54.994095 -3.08699 1
24.874763 -54.207321 -3.192474 1
25.078331 -53.907566 -3.561523 1
24.943329 -53.170433 -3.735161 1
24.545837 -53.038769 -3.885796 1
24.989685 -52.546074 -4.367851 1
24.583832 -53.265327 -2.848137 1
46.337997 -14.691544 -3.318489 1
24.730698 -53.387253 -2.856659 1
24.617264 -53.415546 -2.648621 1
24.84169 -53.465099 -2.289253 1
25.047752 -53.231285 -2.161346 1
24.651749 -53.116955 -2.564621 1
24.705551 -52.908188 -2.637344 1
24.710617 -52.771629 -3.243195 1
24.718094 -52.581333 -3.038506 1
25.275696 -51.866169 -3.372864 1
24.960457 -52.688141 -2.109665 1
25.254112 -51.825264 -2.267548 1
25.437759 -51.834854 -1.807137 1
25.446838 -52.46907 -0.933449 1
25.211174 -52.158485 -1.737534 1
24.919342 -52.755562 -1.294556 1
25.399315 -52.89933 -1.421219 1
25.706841 -53.033447 -1.491455 1
25.51062 -52.596916 -1.454788 1
25.602264 -51.963142 -2.119835 1
26.153519 -52.777435 -1.335327 1
25.665863 -53.774609 -0.762238 1
25.338516 -53.170132 -1.158951 1
25.355186 -52.715939 -1.227188 1
26.078293 -53.684135 -0.551628 1
26.325562 -53.682991 -0.589447 1
26.534988 -53.261551 -0.960815 1
26.097244 -53.054619 -0.317886 1
25.857452 -52.994141 -0.770706 1
26.192184 -53.143291 -0.230774 1
26.579498 -53.278481 -0.291183 1
26.949783 -53.364017 0.086029 1
26.210564 -52.75005 -0.812149 1
27.178917 -52.218845 -1.142715 1
27.713959 -52.618584 -0.775131 1
28.029442 -52.150997 -1.30632 1
27.63266 -51.205795 -2.167618 1
27.927628 -50.468246 -2.677246 1
29.2043 -48.441216 -3.981331 1
-0.530502 -50.379189 2.82209 2
-0.537209 -50.898411 3.153076 2
-0.847481 -50.707817 3.145767 2
-0.925713 -50.087757 3.003937 2
-0.807556 -50.245781 2.88652 2
-0.839333 -50.889549 3.059341 2
-0.569168 -51.273064 2.264946 2
-0.865471 -51.418518 2.109207 2
-0.397385 -51.558578 1.483406 2
-0.467468 -51.657513 1.600227 2
-0.330475 -51.911377 1.863739 2
-0.427399 -51.698971 1.919296 2
-0.514709 -51.382103 1.9245 2
-0.657051 -51.436096 1.611664 2
-0.532379 -52.007919 1.936127 2
-0.628258 -51.890186 1.968887 2
26.484146 -48.629047 -11.762985 1
27.339355 -47.517509 -14.403122 1
27.085922 -48.935841 -15.086456 1
27.116486 -47.597656 -17.96701 1
30.141754 -45.603271 -19.769333 1
32.007385 -44.549431 -21.372902 1
32.083481 -45.33345 -21.539017 1
33.170593 -44.676826 -22.091537 1
32.99527 -43.608616 -23.727615 1
32.595612 -42.820183 -25.679962 1
33.139664 -42.540237 -25.406128 1
32.253967 -42.408783 -26.000275 1
42.596024 -6.871231 7.366959 1
45.472412 -20.171524 -3.233192 1
