yaw pitch roll label
36.274918 -5.874115 -4.749695 0
36.366821 -4.98407 -4.477776 0
35.591415 -5.237656 -4.196724 0
36.249847 -6.67244 -4.352615 0
36.657639 -9.573898 -7.185989 0
36.220444 -8.509796 -5.854095 0
36.081696 -7.597084 -5.460693 0
46.123917 -19.82756 -22.848251 0
46.168442 -19.621956 -22.741547 0
46.840591 -19.565773 -22.652725 0
47.02243 -19.680801 -22.738602 0
46.977417 -19.977364 -22.769508 0
46.74054 -19.548683 -22.483627 0
47.084839 -19.489365 -22.505257 0
46.071854 -14.501099 -19.625038 0
46.986908 -17.738335 -20.695892 0
46.017029 -14.131798 -17.918304 0
46.070892 -18.70726 -20.759781 0
45.040131 -16.5961 -19.221115 0
29.187622 2.65947 7.534286 0
28.059105 -0.037788 5.621536 0
26.021347 -4.913071 5.202515 0
34.00145 -4.391693 -5.729759 0
32.909576 -4.620506 -6.800842 0
33.037521 -5.586395 -5.951492 0
31.545258 -6.934105 -6.482346 0
30.770462 -8.000458 -7.511658 0
31.542389 -8.153275 -8.845665 0
31.048325 -7.380867 -9.295151 0
30.554245 -7.810936 -10.384537 0
30.355591 -7.409843 -10.220619 0
24.1157 -5.307404 2.998047 0
24.452293 -5.694969 2.716217 0
24.231148 -5.98101 2.540565 0
24.534775 -5.820999 2.721802 0
24.199707 -5.961639 2.593933 0
22.483246 -2.474991 5.465515 0
22.400879 -2.217499 5.432556 0
87.713409 -28.983292 -31.495728 3
87.788055 -29.826881 -32.777786 3
87.807373 -29.868683 -33.030525 3
87.782349 -32.311966 -34.568886 3
87.813034 -30.203316 -33.12738 3
87.883255 -30.604736 -34.132103 3
87.849426 -31.772812 -35.071594 3
87.838684 -31.630341 -34.979897 3
87.838562 -31.612213 -35.037735 3
87.846451 -31.745781 -35.267761 3
87.858902 -31.979034 -35.427898 3
87.845551 -32.901276 -36.239891 3
87.860046 -32.762909 -36.264946 3
87.850494 -32.143547 -35.964928 3
87.901566 -32.330688 -35.749924 3
87.887375 -31.687698 -35.68338 3
87.894897 -31.458054 -35.413937 3
87.904114 -31.084564 -35.014263 3
87.922729 -30.156342 -34.205887 3
87.928085 -30.382118 -34.557747 3
87.934998 -30.08313 -34.328011 3
87.945343 -29.676437 -34.038231 3
87.939606 -29.97686 -34.297775 3
87.938339 -29.350052 -33.80098 3
87.93808 -29.610321 -34.262421 3
87.942108 -28.906677 -33.850998 3
87.939819 -29.086868 -33.907188 3
87.939743 -28.489052 -33.255539 3
87.93631 -28.034615 -32.894783 3
87.946503 -29.147888 -33.965836 3
87.945251 -29.143509 -33.974747 3
87.951202 -29.173248 -34.044312 3
87.942764 -28.096344 -33.087494 3
87.946732 -29.429527 -34.254494 3
87.947998 -29.246399 -34.303185 3
87.946091 -28.567566 -33.530212 3
87.946457 -28.187386 -32.983231 3
87.954407 -28.280914 -33.294357 3
87.953201 -27.855431 -32.915154 3
87.954483 -27.370224 -32.49231 3
87.963364 -27.57737 -32.755997 3
87.9608 -27.790878 -32.911522 3
87.96489 -27.756653 -33.030418 3
87.963516 -27.288086 -32.661362 3
87.964081 -27.304031 -32.676849 3
87.964401 -27.314606 -32.754791 3
87.965195 -27.463661 -32.881577 3
87.961853 -27.414505 -32.760376 3
87.962402 -27.396423 -32.766075 3
87.963882 -27.254021 -32.715805 3
87.966522 -27.550896 -33.049652 3
87.966629 -27.258186 -32.811462 3
87.966675 -27.194778 -32.786789 3
87.966522 -26.626587 -32.368446 3
87.876297 -29.594955 -34.780396 3
87.876328 -29.595413 -34.78067 3
87.87207 -29.530014 -34.747116 3
87.877167 -29.522522 -34.729439 3
87.871552 -29.531265 -34.724968 3
87.88269 -29.00148 -34.315887 3
87.892776 -29.893173 -35.215469 3
87.874115 -30.731567 -36.491646 3
87.84314 -30.897217 -36.306644 3
87.846939 -30.882751 -36.190887 3
87.891327 -30.697624 -35.932182 3
87.889175 -30.705399 -35.83548 3
87.890503 -30.522011 -35.685959 3
87.901413 -30.510841 -35.840046 3
87.90773 -30.603722 -35.824936 3
87.916641 -30.503586 -35.777596 3
87.920959 -29.565987 -34.633713 3
87.920776 -29.419106 -34.592422 3
87.908356 -29.198013 -34.582458 3
87.896484 -30.085915 -35.57563 3
87.900452 -28.930923 -34.581978 3
87.900818 -28.858971 -34.541153 3
87.883911 -28.753899 -34.500343 3
87.887268 -28.578484 -34.325584 3
87.884171 -28.313995 -34.138092 3
87.880341 -28.676727 -34.373589 3
87.874847 -28.980774 -34.648666 3
87.834076 -29.982315 -35.701332 3
87.832947 -29.836411 -35.443779 3
87.858414 -29.639427 -35.157097 3
87.876709 -29.081177 -35.043861 3
87.875961 -29.08477 -35.056606 3
87.90979 -29.551689 -35.773392 3
87.90979 -29.551689 -35.773392 3
87.909729 -29.552322 -35.775543 3
87.907578 -29.564514 -35.790607 3
87.91008 -29.239456 -35.434258 3
87.907684 -31.033958 -36.438824 3
87.906754 -29.19545 -35.345612 3
87.921387 -29.424324 -35.354538 3
87.826233 -30.976997 -36.550507 3
87.917877 -29.314224 -35.371834 3
87.907349 -30.629318 -36.172771 3
87.822113 -31.567581 -37.15131 3
87.85318 -31.172585 -36.756744 3
87.818176 -30.146927 -35.855827 3
87.819138 -38.272766 -40.597191 3
87.846405 -37.7505 -40.27359 3
87.843872 -36.783623 -39.679817 3
34.040237 -46.298882 -13.930069 1
28.100578 -46.771351 -12.038162 1
26.746559 -48.121857 -3.641411 1
52.783249 -35.384735 -12.072754 3
60.976349 -39.07827 -14.852463 3
58.200592 -42.678165 -12.853874 3
61.426483 -51.345875 -9.52166 3
57.488983 -49.842079 -6.9711 3
58.814117 -50.12986 -8.920395 3
56.437469 -48.010426 -1.167343 3
61.100006 -46.811302 -13.982964 3
52.752365 -25.838493 -5.039978 3
48.156967 -22.046272 -7.153168 3
44.313232 -20.120285 -7.980453 3
45.531448 -20.623596 -7.076401 3
47.777771 -18.03492 -5.604271 3
57.59523 -21.940651 -9.620102 3
55.951447 -20.611839 -10.317688 3
58.335938 -22.195084 -10.335335 3
49.283966 -20.761826 -9.930878 3
52.046814 -21.645317 -11.190475 3
63.6008 -26.424774 -15.81031 3
64.014709 -53.386616 -17.685837 3
63.207855 -46.96217 -18.411674 3
66.114685 -48.520477 -20.182159 3
64.738297 -47.494774 -19.737274 3
65.069946 -48.973881 -17.100517 3
63.165329 -50.593338 -17.010712 3
63.270142 -46.530773 -13.406784 3
64.303467 -46.482895 -18.59211 3
64.143616 -48.703911 -14.123459 3
64.353149 -51.161026 -13.211716 3
65.480972 -52.558975 -14.376732 3
65.002838 -51.512894 -13.77137 3
64.592621 -51.756817 -14.396652 3
64.094284 -50.146622 -14.244942 3
63.724487 -50.887138 -13.119614 3
67.243927 -49.722004 -15.392288 3
69.318497 -47.676304 -15.793549 3
69.767792 -50.670227 -24.34417 3
35.699524 -50.251839 -14.357834 1
37.123978 -51.051933 -18.132347 1
40.91861 -49.312302 -21.643799 1
40.575165 -50.573921 -18.28862 1
39.322388 -50.662323 -18.227432 1
38.80835 -50.172104 -18.833855 1
40.537186 -49.893986 -20.918884 1
39.901215 -49.293949 -23.548431 1
38.006714 -48.927353 -21.388672 1
37.999191 -47.680618 -21.925613 1
37.487778 -48.354416 -19.240112 1
28.608032 -49.19883 -11.163223 1
24.664879 -47.765362 -10.726349 1
24.529381 -48.096497 -8.81134 1
25.699493 -47.52095 -9.37072 1
26.444733 -47.601036 -8.098297 1
27.269791 -45.593719 -11.749634 1
28.010635 -45.958694 -10.248726 1
22.386688 -44.955585 -7.477051 1
22.469513 -44.757923 -3.267242 1
20.556534 -48.423546 -6.2444 1
21.785187 -46.347141 -16.732445 1
21.845596 -46.326622 -9.74781 1
19.204376 -46.946236 -2.657524 1
22.761993 -46.10273 -3.863068 1
22.833801 -45.852913 -3.097198 1
20.919159 -45.105503 -7.301529 1
21.257263 -44.796761 -7.987427 1
21.770508 -44.117447 -7.725685 1
20.351151 -45.350647 -8.446831 1
20.769539 -44.908188 -7.282394 1
18.982224 -45.914177 -8.408051 1
18.820862 -45.329144 -8.423561 1
17.245583 -46.082439 -8.876152 1
17.151276 -45.267494 -8.952927 1
18.868881 -45.682899 -7.816254 1
19.307396 -46.625443 -6.759377 1
19.532257 -46.866886 -7.992683 1
20.697235 -46.315941 -6.346542 1
21.16391 -47.395672 -6.338249 1
21.51226 -47.059856 -4.929977 1
19.281876 -47.82304 -5.11937 1
21.717499 -47.642155 -5.964058 1
23.048882 -46.592644 -5.771332 1
22.752159 -49.01078 -5.931183 1
22.503738 -48.523933 -4.841469 1
24.231239 -48.126289 -3.786446 1
22.961853 -48.829636 -4.828743 1
22.497688 -48.59774 -6.04493 1
21.550621 -48.170807 -6.124245 1
18.579987 -48.248119 -6.080635 1
21.096474 -47.893433 -3.044464 1
22.744629 -46.257698 -0.948441 1
15.255341 -47.336048 -0.673096 1
16.566193 -47.327873 -0.664833 1
17.606369 -50.72517 -1.375969 1
18.878448 -46.910835 2.09491 1
25.605606 -48.137203 1.268188 1
20.486664 -47.485985 0.789551 1
22.331497 -47.552124 -0.368202 1
23.873817 -46.309387 0.40155 1
20.714355 -46.700546 -2.149597 1
22.291237 -48.643284 -0.742737 1
19.912003 -46.133583 1.303642 1
19.888885 -45.445599 -1.001747 1
19.043724 -44.744396 0.988434 1
17.560226 -46.226177 0.84684 1
17.693054 -46.462601 0.657867 1
20.409714 -48.434158 -0.778633 1
19.756668 -47.963654 -0.06282 1
19.567772 -44.493286 1.032303 1
17.653091 -47.331764 -0.221375 1
16.24102 -46.775597 -0.557716 1
15.177246 -44.385532 0.343719 1
14.272797 -46.322491 1.295563 1
11.717583 -44.813496 2.461929 1
12.747322 -45.721207 2.394127 1
13.460564 -47.831646 0.374107 1
12.556808 -47.394974 2.483002 1
15.221123 -48.62455 -0.004189 1
15.975266 -47.07135 0.025818 1
14.561394 -48.320045 -0.350555 1
-12.883698 -25.005951 -2.836761 2
-13.924492 -23.004967 -2.500549 2
-11.123611 -27.163467 -1.760666 2
-17.296669 -27.544632 -0.118858 2
-23.473625 -24.634613 -0.030746 2
-23.663673 -23.246063 0.588531 2
-20.723442 -23.933128 0.973274 2
-19.30864 -24.062096 1.039185 2
-20.045189 -24.79229 0.240417 2
-19.873909 -26.328293 1.167419 2
-20.825897 -26.651657 1.579254 2
-19.085213 -25.00206 0.827431 2
-17.023468 -25.048088 0.935043 2
-15.11573 -26.005951 -0.25766 2
44.715302 -44.682632 -31.500069 1
42.882904 -44.832329 -30.893204 1
5.395599 -54.967426 -3.722084 1
42.613159 -43.945164 -28.819 1
43.934464 -43.905853 -28.566498 1
44.481873 -45.995651 -32.25808 1
44.686508 -45.48629 -31.870171 1
42.885544 -44.780769 -31.039696 1
43.367279 -45.047779 -30.623688 1
41.43277 -44.884964 -29.728119 1
32.930542 -38.093777 -30.979691 1
31.69632 -38.59977 -30.766396 1
31.682877 -38.72073 -30.426216 1
31.786804 -38.537918 -30.228539 1
32.161133 -38.286903 -29.835197 1
32.780365 -38.295746 -30.076965 1
74.018829 -39.624146 -36.336876 3
73.972595 -40.036961 -31.985138 3
76.394775 -34.82531 -35.791363 3
77.375397 -38.20261 -37.552177 3
81.312469 -33.558868 -35.353397 3
84.496628 -22.752151 -22.003525 3
82.997314 -20.526672 -17.354736 3
83.439041 -24.101379 -19.900444 3
80.444809 -24.110352 -16.721664 3
75.494354 -30.95636 -26.816406 3
73.836517 -34.796532 -30.650635 3
73.03833 -38.995415 -35.52684 3
76.05896 -35.776588 -35.694408 3
75.906387 -39.307434 -37.839577 3
76.057755 -40.347786 -40.931946 3
75.835419 -41.009422 -41.852814 3
75.884186 -38.89056 -40.44471 3
75.56282 -39.436203 -41.221973 3
74.904846 -39.60743 -39.290554 3
72.486267 -39.691788 -39.576359 3
74.578247 -35.733711 -38.058472 3
71.443604 -39.822006 -38.235191 3
76.233734 -39.930256 -39.769508 3
80.540329 -39.673038 -38.16011 3
81.696136 -38.62706 -35.710419 3
83.350174 -41.534397 -39.043819 3
83.640503 -41.399826 -41.301304 3
54.743759 -24.384117 -22.319153 0
54.857208 -23.75882 -22.152275 0
54.537659 -23.387024 -21.572861 0
54.198273 -23.313156 -21.133301 0
54.172974 -22.671722 -21.241219 0
53.954987 -23.262276 -21.773773 0
54.065552 -23.219223 -21.872894 0
54.111771 -23.322586 -21.388878 0
54.102829 -23.320198 -21.719482 0
54.086929 -23.854347 -21.919731 0
53.858398 -24.836304 -21.769287 0
53.459595 -24.957954 -21.392517 0
53.935303 -23.838814 -21.660706 0
53.972168 -23.533966 -21.620232 0
54.391144 -25.277176 -22.269112 0
53.839676 -27.103539 -22.936783 0
54.061737 -27.426277 -23.301117 0
54.122543 -28.031876 -23.88768 0
54.133209 -27.759415 -23.449699 0
54.254166 -27.204559 -23.703415 0
54.316437 -27.389366 -23.792656 0
54.290619 -26.665115 -24.453011 0
52.81636 -27.435135 -23.647095 0
52.522934 -27.255157 -23.472466 0
52.338318 -27.257515 -23.154594 0
52.758942 -28.619301 -23.632202 0
53.071304 -29.164467 -23.696465 0
53.562469 -28.728035 -23.684731 0
53.380127 -28.409035 -23.381531 0
52.854645 -27.70871 -22.599632 0
53.11145 -27.086456 -22.603798 0
53.042664 -27.257713 -22.585312 0
53.533585 -27.138359 -22.51915 0
53.524139 -26.860863 -22.146988 0
53.072922 -27.05542 -22.038071 0
53.592834 -26.844894 -22.351257 0
53.262527 -25.762009 -21.829239 0
53.556305 -26.200897 -22.425926 0
53.324188 -26.682404 -22.717361 0
53.434967 -26.490585 -22.738846 0
53.710846 -26.657799 -22.419685 0
53.071594 -26.093254 -21.745537 0
53.262695 -26.553734 -22.077713 0
52.449493 -27.28894 -22.036636 0
52.590118 -27.374207 -22.195892 0
52.587585 -27.301636 -21.994759 0
52.31189 -27.836159 -22.41423 0
52.596664 -27.167091 -22.348076 0
52.934937 -28.416267 -23.088989 0
53.208405 -28.665749 -23.686409 0
52.925751 -29.115814 -23.292519 0
53.390198 -29.275406 -23.256348 0
53.345825 -29.263809 -23.765106 0
53.186554 -28.895706 -23.826401 0
53.542496 -28.946732 -23.536575 0
34.410065 -7.410568 8.961273 0
35.254059 -7.083168 9.166885 0
35.822968 -6.760231 9.402725 0
35.768555 -8.655823 8.940781 0
35.43512 -7.802605 9.158508 0
35.765396 -9.06163 8.692261 0
36.566772 -9.894684 7.717377 0
37.672638 -11.919266 6.299179 0
39.589951 -12.784943 5.644867 0
39.731201 -11.249603 7.084518 0
40.103363 -9.844734 7.755371 0
40.893982 -9.929428 7.419327 0
41.401703 -9.224915 7.400002 0
42.608337 -8.640259 6.857048 0
43.436325 -8.402199 6.699036 0
43.299225 -7.851036 6.607475 0
43.379303 -8.909599 6.083176 0
42.123962 -10.831329 5.756683 0
41.468155 -10.61985 5.871933 0
41.220581 -9.959488 5.902603 0
41.560226 -9.907486 5.922981 0
38.615784 -9.476608 6.523865 0
39.164246 -8.517883 6.143143 0
39.255798 -8.374443 6.032104 0
39.207825 -8.184082 6.10463 0
39.264801 -7.915321 6.125381 0
39.31868 -8.173752 6.133865 0
39.322495 -7.941689 6.157219 0
38.713394 -9.237724 6.825027 0
39.254547 -8.934341 6.950638 0
39.564377 -8.749832 7.129456 0
40.294006 -8.458618 6.952011 0
40.414185 -8.987762 6.834114 0
40.46228 -10.677444 6.850327 0
40.321411 -10.555138 6.940536 0
84.686279 -37.21384 -37.763618 3
84.209412 -37.608505 -37.356148 3
84.470612 -38.121117 -38.111427 3
84.666687 -37.165283 -37.707489 3
84.806824 -37.106125 -37.41077 3
85.193695 -36.486008 -37.243843 3
85.14209 -35.010895 -34.55127 3
85.268768 -29.928986 -30.003609 3
85.121674 -28.512375 -28.893997 3
27.831451 -8.160843 1.099892 0
27.949554 -8.055496 1.464272 0
27.961685 -8.747849 1.048035 0
28.615196 -9.133171 1.082047 0
29.821411 -8.622055 1.092796 0
36.516388 -12.652367 0.104599 0
33.496689 -15.167793 -1.740257 0
32.930801 -14.464462 -0.299904 0
35.631348 -10.811218 2.99826 0
34.286804 -9.266167 3.685066 0
34.089081 -8.77076 4.210258 0
33.294388 -10.230209 6.797226 0
33.541031 -10.670395 6.736496 0
33.62355 -10.673515 6.702621 0
32.492981 -11.426323 6.86882 0
33.342819 -10.865005 6.383446 0
33.335068 -11.069252 6.313919 0
32.840942 -10.628525 6.276642 0
32.68042 -9.640366 6.708549 0
32.296021 -8.938507 6.872635 0
32.999023 -9.789993 7.934303 0
27.699989 -36.318558 -10.367203 1
25.424255 -37.73674 -13.367699 1
25.346443 -39.208046 -11.35582 1
29.486176 -38.517731 -10.270004 1
29.435654 -37.938087 -8.591095 1
29.975464 -39.228134 -9.031227 1
29.887817 -36.514397 -9.31176 1
31.102905 -39.361504 -8.093475 1
30.144608 -38.933868 -8.623833 1
28.29705 -40.427025 -7.613708 1
28.346222 -39.07531 -8.194328 1
25.565979 -38.068405 -8.274979 1
25.652908 -39.64045 -9.26236 1
25.812332 -39.385918 -9.093086 1
24.219849 -38.355225 -9.747299 1
25.127197 -38.486427 -8.972191 1
25.632408 -38.354286 -6.937614 1
28.770081 -41.600739 -6.296738 1
25.269722 -40.171623 -7.153702 1
24.515106 -40.540638 -5.822205 1
21.064224 -41.794724 -5.283813 1
13.904823 -38.085182 0.381378 1
15.159004 -38.528652 0.799828 1
19.555389 -38.904572 1.122871 1
18.699944 -36.68045 -2.427322 1
16.23999 -39.258282 -1.096436 1
18.629059 -39.281403 -5.750481 1
20.809135 -39.245514 -6.821571 1
23.318161 -39.669724 -12.096817 1
33.915955 -45.548916 -16.77034 1
31.84877 -45.003628 -26.908333 1
33.328629 -44.468155 -20.863365 1
71.494247 -44.25246 -41.903679 3
71.304047 -46.869667 -44.759445 3
71.066223 -46.685337 -44.224899 3
73.279114 -43.324081 -43.515003 3
76.224289 -42.243805 -42.894264 3
75.680664 -44.680771 -41.195251 3
76.14415 -42.689621 -40.82888 3
76.264496 -41.754326 -38.345314 3
77.104065 -41.390499 -38.246048 3
77.87178 -39.604237 -35.913422 3
76.298981 -38.827709 -34.945908 3
77.302765 -38.817776 -35.760601 3
77.954208 -36.381271 -33.158264 3
77.880737 -36.112038 -31.89077 3
74.835022 -38.032326 -33.992607 3
75.750702 -41.033562 -36.935898 3
48.427292 -26.7397 -26.962234 0
49.369293 -27.747116 -28.445282 0
49.066071 -26.607964 -26.318916 0
49.642532 -28.050591 -28.617607 0
48.793274 -28.065369 -28.388687 0
49.449631 -27.559303 -27.852089 0
47.701157 -26.249466 -25.749916 0
47.918671 -27.837471 -28.137779 0
47.718216 -25.529861 -26.200653 0
46.474854 -25.496758 -25.93988 0
47.859985 -25.530273 -26.254654 0
46.827698 -25.436714 -26.850021 0
46.525421 -25.941254 -27.384895 0
46.260406 -26.341644 -26.342865 0
46.452011 -25.538284 -25.593765 0
47.728333 -24.965355 -25.022705 0
48.708771 -25.250229 -25.172379 0
44.788071 -20.585136 -24.193413 0
44.574402 -18.648338 -22.596886 0
44.751221 -18.999268 -23.509361 0
57.046158 -23.086983 -21.220787 0
57.304245 -24.848557 -22.275848 0
57.398224 -25.385902 -23.261703 0
13.731445 -26.819878 -11.629799 1
13.882027 -26.596863 -11.314468 1
13.86586 -26.562485 -11.462891 1
13.800842 -26.660706 -11.442627 1
13.603043 -26.440201 -11.302567 1
13.501122 -26.272118 -11.078377 1
13.408333 -26.202637 -11.262848 1
13.363556 -26.348953 -11.178825 1
13.408981 -25.945564 -10.956635 1
13.427017 -26.023308 -10.846535 1
13.481339 -26.009331 -10.845535 1
47.494858 -29.034775 -21.752235 0
47.416214 -29.08139 -21.615623 0
47.289505 -29.383797 -21.754745 0
46.894608 -29.034836 -21.373184 0
47.082672 -29.288345 -21.756104 0
47.075195 -29.271919 -21.792358 0
48.007599 -29.216721 -22.433037 0
47.883224 -29.303497 -22.439857 0
48.271912 -29.821625 -22.958832 0
47.499756 -31.911423 -22.857803 0
47.969849 -29.680855 -22.952637 0
48.085968 -29.274963 -22.8293 0
47.926971 -29.366119 -22.661469 0
47.901978 -29.20005 -22.730659 0
47.833069 -28.966858 -22.591515 0
47.750519 -29.241035 -22.465874 0
47.376312 -29.202614 -22.379898 0
47.369064 -29.240273 -22.390625 0
47.420197 -29.239426 -22.425812 0
47.31485 -29.235001 -22.184471 0
47.320923 -29.278046 -22.201576 0
47.277069 -29.292076 -22.227715 0
47.584793 -10.790703 1.398163 0
47.77774 -11.402527 1.337471 0
46.767944 -11.862282 1.158218 0
45.662842 -13.47184 0.418922 0
45.879761 -10.076279 2.58107 0
46.119385 -9.770035 2.695053 0
46.52739 -10.61084 2.214478 0
46.705719 -9.817505 2.303085 0
74.935486 -44.515331 -42.150089 3
74.408768 -43.61784 -39.361782 3
74.773605 -43.454491 -39.369781 3
74.892105 -44.228516 -40.063332 3
75.722458 -44.713074 -39.396091 3
75.63446 -43.920746 -39.526863 3
76.485931 -44.464722 -39.071785 3
76.946808 -43.412437 -39.523346 3
76.958557 -43.264606 -39.443626 3
76.96167 -43.241283 -39.787319 3
77.047058 -43.488342 -40.014305 3
77.086349 -43.394775 -39.978058 3
77.09169 -43.348549 -39.659904 3
46.37439 -15.207199 -10.79438 0
46.413116 -15.312202 -10.58345 0
46.216125 -15.183823 -10.574799 0
79.727539 -22.462029 -24.062744 3
79.877213 -22.051392 -20.973618 3
84.729752 -29.063667 -34.670074 3
40.740234 -9.993866 6.591637 0
42.573975 -12.762512 5.536469 0
42.638245 -10.965714 5.410492 0
42.457275 -9.753983 5.625488 0
40.7724 -6.642555 7.897766 0
39.232727 -5.664314 6.924339 0
39.99173 -7.3545 7.164536 0
-24.001968 -22.2547 -9.259407 2
-24.543121 -21.793907 -7.95797 2
-27.769592 -20.354126 -8.603363 2
-28.324326 -20.502075 -7.345169 2
-30.430695 -19.676712 -8.193398 2
-31.554642 -19.174095 -8.020554 2
-30.976189 -19.486435 -7.393776 2
-29.685608 -20.961853 -7.209793 2
-26.143036 -23.464226 -8.008774 2
-25.612 -24.616585 -7.81929 2
-25.085289 -24.867867 -6.683914 2
-24.510979 -25.665489 -5.620995 2
-23.979187 -26.629028 -4.92688 2
-23.492737 -27.58239 -4.197525 2
-22.074814 -26.594772 -3.319931 2
-21.116814 -27.221779 -1.626862 2
-19.598221 -25.472092 -0.983253 2
-5.606674 -21.814896 -1.550842 2
47.239258 -38.197838 -28.21418 1
46.509338 -37.887871 -27.613716 1
47.646301 -37.389069 -27.535637 1
50.009094 -36.910454 -27.784676 1
50.50618 -36.954643 -27.983887 1
51.611435 -37.657715 -28.03299 1
50.452423 -37.024284 -27.428574 1
49.504379 -37.561626 -27.312614 1
50.012756 -36.761959 -26.015686 1
50.347397 -36.328362 -25.293152 1
48.827118 -37.637444 -24.80867 1
49.327576 -37.858856 -22.288918 1
49.106262 -37.046585 -21.332367 1
49.922379 -36.382793 -19.32338 1
-18.381851 -19.580116 -14.352615 2
-17.957939 -19.286636 -13.413841 2
-16.701096 -19.566086 -13.303284 2
-15.403702 -20.676552 -12.968536 2
-12.093765 -20.599312 -13.726517 2
-25.161118 -26.674225 -4.882751 2
-28.639435 -25.698425 -0.704956 2
-30.189262 -30.000511 -0.459686 2
-20.182472 -36.123596 -2.921173 2
34.28598 -25.430283 -3.489304 0
38.262512 -22.617126 -2.671066 0
39.393188 -19.184044 -3.094231 0
41.553909 -20.185715 -1.977615 0
36.134857 -24.775711 0.565094 0
-31.652969 -26.465378 6.890198 2
-33.002464 -26.253639 7.534119 2
-33.652435 -26.423431 8.06646 2
-33.112541 -27.171509 8.366867 2
-33.153061 -26.300476 8.551437 2
-33.541664 -26.193596 8.17305 2
-33.36335 -26.556702 7.703308 2
-32.832748 -26.17836 7.470222 2
-31.404907 -25.30793 7.018585 2
-31.738426 -25.045418 6.299309 2
-32.860977 -24.697006 6.1455 2
-33.394936 -23.729019 5.991791 2
-34.147171 -23.521378 7.153534 2
-34.167053 -23.735992 7.36412 2
-32.38205 -22.904556 6.951599 2
-29.708458 -23.139618 8.516579 2
-27.360489 -23.749817 10.134186 2
-26.49881 -21.695709 9.899048 2
-32.287376 -20.401291 6.182762 2
-25.83712 -22.729103 5.309853 2
-23.785004 -18.113464 -0.919075 2
-25.547768 -18.32106 -0.824356 2
-25.299431 -20.623543 0.500816 2
-24.296524 -21.378288 0.948288 2
-23.748581 -20.00351 0.653351 2
-23.309891 -18.74482 -0.696373 2
-22.879059 -18.416397 -1.388832 2
-22.67131 -18.120171 -1.471359 2
-22.425133 -17.547836 -1.290436 2
-22.498558 -17.409019 -0.956467 2
-23.713455 -17.313568 1.120331 2
-24.012222 -17.096985 2.342743 2
-24.806717 -17.635818 3.621254 2
-25.267029 -19.001755 3.936859 2
-25.339119 -19.98481 5.176926 2
-24.950073 -20.397064 5.863037 2
-25.261246 -20.796196 6.284149 2
-26.176666 -21.111343 6.856049 2
-26.614594 -21.354858 7.122391 2
-26.731537 -21.145134 6.900764 2
-27.29882 -20.902962 7.089767 2
-26.421936 -20.406631 6.089836 2
-26.42009 -19.747932 4.927711 2
-25.432327 -20.220451 3.292877 2
-26.333557 -20.206696 3.862862 2
-25.706909 -20.258774 4.565231 2
-24.703369 -22.975365 -6.816772 2
-27.129295 -20.501633 -7.467476 2
-28.874832 -19.034126 -7.021645 2
-30.577591 -18.961983 -7.674606 2
-31.242615 -20.445923 -8.071259 2
-31.959671 -20.170273 -7.801376 2
-32.291122 -19.377312 -8.591827 2
-32.28727 -17.477882 -10.63781 2
-31.524689 -17.980751 -10.81871 2
-27.762367 -20.281204 -10.556152 2
-28.805489 -20.659767 -7.354401 2
-32.023224 -24.758904 -1.561966 2
-32.830429 -25.857346 -1.779846 2
-32.913986 -24.590912 -1.627647 2
-32.358833 -23.122116 -1.298111 2
-32.213455 -21.553688 -1.13588 2
-31.22731 -20.204124 -1.997498 2
-31.057907 -19.571831 -1.310188 2
-29.345406 -21.026657 -0.309738 2
-27.263329 -20.653641 -0.371155 2
-27.975143 -20.726212 0.053787 2
-27.771858 -20.088409 0.835648 2
-25.778069 -20.490128 0.675995 2
-19.770149 -17.015121 -0.183472 2
36.952377 -14.086655 -15.633347 0
35.375732 -13.717819 -14.898529 0
34.108856 -12.275223 -12.887474 0
32.46402 -10.431824 -11.728203 0
31.989777 -13.85405 -14.584793 0
32.06192 -8.196106 -10.917572 0
31.899948 -11.481865 -12.397339 0
31.45459 -11.807953 -13.35849 0
31.448853 -10.711914 -12.885376 0
30.857422 -9.2444 -12.871895 0
31.438293 -11.383278 -13.829117 0
30.919571 -10.717758 -13.290451 0
30.499176 -9.414566 -11.564522 0
36.017944 -9.032036 -11.317047 0
35.554108 -8.501312 -10.833702 0
35.692871 -9.977875 -11.774254 0
33.711151 -16.64238 -15.259079 0
32.306412 -16.959694 -15.689041 0
33.413162 -17.032997 -15.852783 0
33.990265 -19.410858 -17.975166 0
40.485718 -17.136475 -21.306717 0
39.943451 -17.282104 -20.845703 0
40.240646 -17.119751 -21.118668 0
39.941772 -17.599785 -21.147903 0
40.180023 -17.420761 -20.975807 0
40.378693 -17.485962 -21.162979 0
40.467194 -17.49382 -21.290237 0
40.582626 -17.516251 -21.254486 0
76.071228 -32.409134 -26.761566 3
75.267868 -33.512543 -28.668213 3
75.964096 -34.579529 -30.698631 3
75.531403 -28.676041 -26.3367 3
44.955475 -14.258034 -4.834915 0
45.753998 -14.206184 -5.135956 0
45.881241 -14.333199 -5.455833 0
45.930054 -14.350815 -5.396553 0
45.839172 -14.25885 -5.357353 0
45.783768 -14.390411 -5.278748 0
46.274918 -15.268486 -5.906441 0
46.721878 -14.91404 -6.144821 0
42.347214 -42.160515 -37.416847 1
42.167908 -41.894066 -36.89312 1
43.889313 -41.483711 -37.849983 1
42.611115 -41.892117 -37.443386 1
42.026047 -40.689415 -36.561115 1
44.380615 -41.225334 -37.159916 1
43.746277 -40.718159 -36.43412 1
44.095703 -41.018578 -36.982212 1
43.852173 -41.006287 -36.95298 1
43.509277 -41.06588 -36.731163 1
42.310577 -40.738098 -37.056114 1
44.306244 -40.862972 -37.319687 1
44.60495 -40.88858 -37.064224 1
44.289505 -41.279465 -37.151268 1
44.57312 -41.347229 -37.643394 1
40.752731 -40.991943 -31.129684 1
40.4216 -41.367371 -30.101044 1
39.564484 -41.050266 -30.20932 1
38.864655 -41.437004 -30.303986 1
42.384949 -35.931534 -29.184608 1
40.882492 -36.287785 -29.06105 1
40.940964 -36.26944 -29.023689 1
70.520447 -11.897568 -12.323326 0
70.990875 -13.540955 -14.293823 0
70.438568 -12.569153 -13.408569 0
69.964935 -10.769958 -11.659195 0
69.488037 -9.560455 -10.201691 0
69.45517 -9.571747 -10.165855 0
70.127777 -9.003548 -9.929199 0
69.441269 -7.120361 -6.93103 0
67.062225 -6.628204 -8.256393 0
69.124252 -9.248276 -11.152054 0
67.798615 -8.604523 -7.086937 0
70.530914 -17.103653 -16.068893 0
70.988083 -19.575569 -19.154869 0
65.883743 -20.125427 -24.163971 0
44.729248 -17.918297 -15.354111 0
45.31665 -18.126068 -16.125954 0
47.436996 -17.722122 -17.594048 0
47.074005 -15.860245 -16.618248 0
47.418686 -14.255997 -15.736786 0
48.062653 -15.410599 -16.395546 0
46.734955 -15.378441 -16.199669 0
41.583008 -16.27594 -20.343155 0
41.727142 -16.469406 -20.571983 0
41.87883 -16.677109 -20.412071 0
42.251389 -16.226669 -20.362862 0
42.209656 -16.699005 -20.792847 0
42.232773 -16.692902 -20.908752 0
42.715027 -16.535889 -20.706009 0
37.237579 -14.903763 -17.126495 0
37.578735 -14.633362 -16.964462 0
28.284454 -10.756546 2.662964 0
38.561005 -15.319443 -17.080322 0
38.011002 -14.815956 -16.371376 0
38.93631 -15.412117 -17.248352 0
39.072037 -16.712341 -18.295921 0
37.759781 -15.966194 -18.463539 0
33.347748 -14.177887 -2.03373 3
31.662613 -17.867836 -0.320435 3
33.924728 -19.04348 -0.58477 3
29.405853 -15.644997 1.005814 3
30.855713 -17.658386 2.247757 3
32.447418 -16.089142 0.658012 3
32.845673 -19.144211 2.357697 3
35.144012 -23.302452 2.116455 3
33.673096 -21.970612 0.808205 3
31.961945 -15.860138 0.459526 3
34.791183 -14.887619 1.712875 3
34.25354 -15.679352 1.310562 3
32.883301 -16.738716 1.233673 3
55.483582 -36.419472 -31.810432 0
56.295639 -35.680653 -30.554161 0
56.52829 -34.178925 -29.799423 0
58.817627 -32.77726 -29.113617 0
60.816223 -31.490211 -28.579498 0
66.017578 -31.638809 -31.381485 0
79.943222 -36.659042 -36.260071 0
84.374084 -39.171329 -39.966339 0
85.655548 -39.053383 -38.983894 0
85.113159 -40.695518 -35.071327 3
82.708176 -42.78043 -38.533211 3
82.073685 -40.852112 -36.753319 3
79.413315 -37.222424 -31.691566 3
79.57399 -39.13443 -33.76474 3
79.248947 -39.134182 -31.870178 3
79.234894 -40.852867 -35.293797 3
79.461884 -36.679619 -31.823959 3
78.586517 -36.795486 -29.938385 3
79.646988 -41.760166 -35.594021 3
80.025391 -41.495766 -36.138229 3
80.585968 -39.573143 -37.329552 3
80.788666 -40.300179 -34.433746 3
80.497437 -40.379135 -36.322952 3
85.424759 -24.248901 -19.328033 3
86.82132 -23.121811 -19.858246 3
28.156418 -15.098488 9.814392 0
28.183937 -14.468002 9.959961 0
28.761795 -14.822632 9.778336 0
28.664856 -14.880531 9.709946 0
28.943916 -15.632935 9.614204 0
28.921486 -15.820145 9.586014 0
28.753944 -15.485725 9.592514 0
28.275993 -14.599541 9.563347 0
28.482033 -15.553101 9.766739 0
28.390434 -15.348465 9.982346 0
74.68866 -39.402336 -39.438156 3
72.364258 -42.898346 -42.982101 3
73.109344 -44.79324 -42.974045 3
70.926895 -45.70166 -43.764 3
29.953323 -7.237473 -6.24881 0
28.297073 -50.778664 -20.583069 1
33.881027 -49.577477 -14.367065 1
30.109467 -48.626575 -10.764465 1
29.577118 -48.240623 -10.775589 1
33.13382 -49.696426 -10.356903 1
23.255104 -48.429348 -2.062592 1
23.627487 -49.73513 -2.930923 1
20.917892 -48.842781 -6.050606 1
24.390724 -47.717743 -0.919258 1
27.423111 -47.241226 0.487534 1
26.338821 -46.258369 0.644394 1
24.995377 -47.557396 -1.259834 1
30.636871 -47.11829 1.364845 1
29.416809 -48.182716 1.269638 1
24.894379 -47.663017 0.92585 1
25.780411 -48.088409 0.986984 1
22.750946 -49.719143 -2.262154 1
26.228119 -46.195358 -1.874016 1
28.929474 -45.874451 -0.949379 1
26.645386 -51.146034 -3.227844 1
23.46785 -48.568451 -2.182503 1
24.53891 -49.396946 -0.351562 1
25.193184 -49.084225 -2.840393 1
24.147148 -48.910744 -0.389359 1
27.513367 -49.295151 -0.397339 1
29.359879 -46.608719 -2.968346 1
27.809715 -46.856129 -0.56662 1
31.236694 -42.089302 -2.788994 1
37.205093 -42.263454 2.688187 1
35.324936 -41.164089 0.030167 1
38.39946 -44.351288 -0.144928 1
35.163895 -42.110779 -1.591576 1
38.077621 -42.147232 -1.365341 1
36.28952 -43.859219 -0.139481 1
30.897614 -40.631241 -0.3433 1
33.194855 -42.486797 2.768036 1
32.389832 -41.612103 2.41864 1
33.08252 -40.06778 2.291061 1
29.741577 -41.234344 -0.080452 1
30.884445 -41.076622 1.338409 1
31.108643 -41.433418 1.140198 1
32.586212 -43.327904 3.149254 1
35.151474 -43.479568 3.779663 1
33.935257 -45.227062 2.306053 1
33.508392 -48.136436 -10.620583 1
47.294495 -41.296703 -31.418259 1
43.826874 -39.590458 -27.502174 1
42.398346 -38.676704 -29.605705 1
63.342728 -44.340172 -38.463112 3
65.131134 -44.237671 -38.556393 3
65.777557 -42.269737 -36.04528 3
66.682678 -41.603313 -35.38382 3
68.425674 -41.156994 -34.70192 3
68.673294 -40.716301 -35.312538 3
68.928589 -41.040104 -35.28791 3
69.152191 -40.738396 -34.256599 3
69.062744 -41.316936 -34.249588 3
69.103241 -42.564865 -35.947212 3
69.090134 -42.915062 -37.51931 3
41.496216 -46.012688 -40.218086 1
37.15152 -47.72596 -36.759789 1
36.756653 -47.912109 -33.287094 1
35.582169 -48.143246 -33.561859 1
36.203033 -47.304985 -34.070679 1
36.959442 -47.430325 -35.061859 1
34.986725 -46.5205 -30.083374 1
57.660278 -47.383514 -33.605019 3
65.709549 -45.538078 -32.508675 3
73.34314 -44.277252 -21.540695 3
66.449173 -51.592079 -29.280762 3
69.839569 -45.459068 -31.014915 3
77.679443 -42.19323 -25.067749 3
65.284119 -44.729633 -29.440254 3
70.682877 -43.861187 -33.058037 3
72.960236 -44.964485 -22.719795 3
43.456055 -47.184227 -31.640518 1
40.165451 -47.921021 -30.380974 1
43.291855 -48.371262 -29.88279 1
44.044998 -51.185455 -31.661362 1
38.575714 -49.305489 -24.577957 1
38.057236 -48.404037 -20.65226 1
38.432693 -49.786087 -19.801506 1
35.276123 -50.298508 -12.691528 1
33.831085 -52.601181 -11.590538 1
32.707718 -53.741508 -13.892334 1
34.828308 -53.864948 -13.796989 1
32.972031 -52.534908 -8.205116 1
31.399445 -51.874714 -5.064278 1
27.937569 -49.229721 -2.960564 1
27.408554 -51.059155 -2.824791 1
28.862411 -52.20977 -3.874893 1
23.966331 -49.973133 -0.185074 1
22.439178 -51.776566 -2.534615 1
19.305244 -48.436928 -2.045609 1
19.990013 -51.493332 -1.937645 1
19.232368 -51.953491 -3.33049 1
16.223694 -48.219875 -5.410416 1
15.639084 -48.076092 -7.102043 1
15.38958 -49.925529 -3.867249 1
10.116699 -48.820255 -2.611908 1
11.456039 -56.096191 0.672394 1
12.259445 -51.091244 -2.245537 1
13.564056 -50.222569 -2.884354 1
9.970947 -52.55405 -2.605293 1
9.670944 -53.308594 -4.860321 1
10.302406 -50.659546 -2.363297 1
13.275993 -50.000599 -1.547623 1
16.626785 -46.794582 -3.168655 1
14.749283 -44.154388 -1.503281 1
31.088333 -51.437046 2.16655 1
35.307922 -46.955063 2.597687 1
34.745331 -51.072876 2.551987 1
40.337433 -51.201824 -3.145752 1
38.510437 -51.084198 -6.430481 1
37.88501 -46.507729 -15.590668 1
32.375565 -50.359459 -7.842529 1
39.442734 -47.137543 -16.29879 1
41.482956 -48.215912 -16.169739 1
45.281555 -44.357929 -25.838219 1
39.593307 -48.613319 -24.564285 1
30.423645 -53.354305 -19.443024 1
33.383453 -48.709488 -24.626457 1
43.866257 -46.108006 -26.599106 1
41.122162 -48.558403 -27.012085 1
39.308594 -47.257477 -23.499786 1
38.619476 -47.342049 -23.250671 1
44.990692 -46.795887 -19.330643 1
47.834686 -46.647354 -21.005257 1
46.355072 -48.494835 -24.070396 1
47.909943 -47.406937 -28.064453 1
45.342178 -48.202938 -29.029724 1
46.01828 -48.230843 -27.842979 1
45.219513 -47.775135 -21.335281 1
39.92804 -48.480537 -22.339203 1
42.377106 -48.56171 -21.949081 1
15.113052 -50.1675 3.06929 1
15.016693 -48.61628 2.497444 1
17.088272 -49.270214 -2.072639 1
15.285118 -49.68158 -2.331024 1
16.221268 -47.249275 -3.602921 1
15.763893 -49.014896 -2.281586 1
14.006058 -51.278557 2.244827 1
11.687302 -48.144318 0.654488 1
11.200996 -47.16053 0.822906 1
11.218414 -47.515137 0.584457 1
12.336159 -48.291168 0.604523 1
12.809006 -46.050579 1.294281 1
11.812592 -52.25156 -0.782608 1
10.350845 -49.763191 -1.342575 1
10.46608 -47.952129 -1.715714 1
9.076492 -50.672646 -0.993462 1
9.106041 -49.140427 -1.782913 1
8.266685 -50.981163 -1.481529 1
7.944717 -50.369606 -1.624443 1
9.373047 -49.352806 -0.943863 1
8.928482 -49.92701 -0.754555 1
44.273987 -29.064362 -19.750801 0
46.040268 -28.080589 -21.424774 0
45.426666 -28.793198 -20.360703 0
45.891235 -29.432411 -21.388954 0
46.136215 -30.168762 -22.105705 0
39.491684 -37.90733 -4.505707 1
34.766632 -39.734402 -3.430153 1
31.782211 -39.191734 -2.106194 1
28.436844 -42.0075 -3.103203 1
27.784348 -43.375088 -2.22377 1
26.996872 -45.77306 -2.067749 1
27.34687 -45.810051 -1.657608 1
23.978691 -51.644798 -0.149872 1
29.900787 -46.904732 -0.003365 1
28.720848 -48.837032 1.194832 1
25.520767 -49.538155 1.183655 1
24.938934 -44.362942 -2.341934 1
25.624252 -50.473034 0.991905 1
23.294472 -47.478096 -0.950043 1
22.819817 -47.445179 -0.679665 1
23.704788 -42.035561 -2.171104 1
23.873184 -43.25378 -2.145615 1
24.41819 -45.678398 -1.551773 1
23.110634 -44.590691 -0.963013 1
23.199783 -47.689304 -0.186195 1
41.427292 -47.703197 2.67807 1
40.56311 -47.891785 3.082489 1
38.276917 -46.228523 4.744194 1
32.85849 -46.002327 3.137939 1
34.287201 -43.634636 7.252647 1
28.404099 -47.752815 5.219261 1
30.370285 -47.385326 5.053116 1
28.146149 -45.808605 5.061295 1
33.9729 -45.604279 6.670349 1
31.164963 -46.415871 4.321503 1
29.931854 -48.98077 4.010788 1
27.366638 -45.453102 3.31076 1
27.148384 -45.083321 1.082039 1
51.666229 -24.491798 -13.727661 0
49.979156 -24.241188 -13.540031 0
49.842285 -24.829491 -14.585007 0
36.049271 -47.807594 0.174515 1
32.442444 -48.752365 4.435226 1
27.524597 -44.579391 2.028351 1
25.052124 -42.106327 -1.407097 1
26.432404 -44.420071 1.763275 1
26.095482 -46.041378 2.027847 1
49.875183 -27.315369 -20.612137 0
50.317871 -27.939774 -20.99807 0
49.998505 -28.382828 -20.518661 0
50.246552 -29.537216 -21.444275 0
32.268005 -43.529739 -6.176071 1
38.187515 -40.960846 -6.069534 1
26.634041 -38.681591 -6.69445 1
31.111755 -41.11908 -6.004051 1
28.31955 -38.361397 -6.508766 1
26.486046 -40.932106 -8.091873 1
26.110825 -45.021687 -4.423904 1
27.839172 -45.739025 -4.353355 1
21.911041 -45.048248 0.0783 1
25.598236 -43.967205 -1.804901 1
24.524414 -45.938728 -0.901581 1
24.074135 -49.137497 0.997147 1
28.996307 -50.037537 0.591431 1
22.610504 -53.278549 1.351524 1
21.896576 -51.530132 0.062241 1
24.191231 -52.619873 0.218788 1
23.608871 -53.19698 1.455048 1
23.903046 -52.426521 1.507805 1
20.170601 -51.810799 -0.170547 1
21.265411 -51.550354 0.247742 1
20.154236 -51.337318 0.147949 1
24.613953 -40.08688 -5.985687 1
40.680817 -47.186531 -6.724159 1
40.420471 -44.714981 -11.369606 1
40.050156 -49.034351 -27.128448 1
42.760147 -48.700142 -31.429535 1
45.908493 -49.299923 -24.064766 1
36.209259 -49.448673 -18.978012 1
45.153412 -30.604172 -26.388916 0
44.220566 -30.495262 -25.882545 0
43.356125 -31.856247 -25.266129 0
42.810303 -37.320663 -26.58065 0
42.330124 -40.002457 -28.450211 0
33.5793 -33.491714 -2.332321 1
34.42688 -34.898071 -1.634033 1
33.660126 -34.800949 -3.840202 1
47.178986 -32.017761 -24.083244 0
46.725922 -32.307564 -23.015198 0
25.409203 -47.32209 -5.717415 1
26.755486 -46.865677 -7.190987 1
30.762482 -49.598404 -4.610596 1
27.165092 -50.109386 -5.470718 1
27.745834 -49.162239 -6.139008 1
28.423096 -48.595901 -6.452904 1
67.015396 -46.044563 -24.689995 3
66.387466 -48.068382 -33.03434 3
58.2659 -40.04884 -38.529694 0
59.11203 -41.405006 -40.301125 0
-13.096848 -43.62558 -6.455109 2
-13.521912 -43.540867 -6.579849 2
-14.48777 -43.584587 -8.34259 2
-14.550812 -41.982273 -8.717316 2
-15.944962 -40.977791 -7.910156 2
-14.460777 -42.270149 -8.046249 2
-15.002991 -42.896286 -7.360092 2
-14.791565 -42.609497 -7.589111 2
-14.565727 -42.363792 -7.315956 2
-13.474869 -42.879787 -7.486557 2
-13.088257 -42.556984 -7.868752 2
-12.504929 -41.533859 -8.103951 2
45.636414 -37.198502 -9.126862 3
52.303467 -38.587799 -10.711784 3
73.167786 -33.266571 -19.363243 3
70.595062 -35.560066 -12.030075 3
72.829941 -36.892975 -14.309616 3
14.370667 -43.581879 0.08757 1
12.588104 -45.321472 -1.900208 1
14.371689 -48.741966 -3.245804 1
42.696152 -31.62326 -19.69883 0
42.341553 -32.443863 -21.535065 0
26.671188 -51.065018 -2.236107 1
29.108902 -49.686226 2.360458 1
20.861137 -52.699402 0.247581 1
22.57045 -50.518581 -0.586258 1
24.311066 -51.462013 1.293045 1
24.099953 -40.584423 -14.750862 1
17.828865 -40.464142 -9.532257 1
14.349991 -39.170166 -7.016975 1
13.499893 -40.875443 1.505341 1
14.059868 -43.268726 4.277481 1
